65
302.161 42.1141 300.119 43.6214 300.119 43.6214 299.895 43.8004 299.895 43.8004 299.76 44.0603 299.76 44.0603 299.655 44.2843 299.655 44.2843 299.588 44.4201 299.588 44.4201 299.375 44.654 299.375 44.654 299.195 44.837 299.195 44.837 298.8 45.4569 298.783 45.4729 298.8 45.4569 298.654 45.5975 298.783 45.4729 298.654 45.5975 298.131 46.2253 298.131 46.2253 297.889 46.573 297.889 46.573 292.144 52.5287 291.93 52.8385 292.144 52.5287 291.466 53.4145 291.93 52.8385 291.466 53.4145 291.436 53.4463 291.436 53.4463 289.46 55.5212 289.46 55.5212 288.946 56.1566 288.946 56.1566 288.746 56.4501 270.196 75.5482 288.746 56.4501 269.973 75.8648 270.196 75.5482 269.505 76.436 269.973 75.8648 268.498 77.494 269.505 76.436 268.46 77.5335 268.498 77.494 268.46 77.5335 267.956 78.1727 267.956 78.1727 267.749 78.485 261.17 85.5045 267.749 78.485 260.924 85.858 261.17 85.5045 260.463 86.4255 260.924 85.858 260.463 86.4255 260.282 86.6074 260.282 86.6074 260.241 86.6465 260.111 86.8462 260.241 86.6465 259.587 87.5141 260.111 86.8462 259.587 87.5141 259.539 87.564 259.539 87.564 258.544 88.5883 258.544 88.5883 258.033 89.2108 258.033 89.2108 257.813 89.5312 257.813 89.5312 251.739 95.7762 251.739 95.7762 250.997 96.4103 250.961 96.4537 250.997 96.4103 250.738 96.7053 250.961 96.4537 250.738 96.7053 250.212 97.1929 250.212 97.1929 249.941 97.4138 249.941 97.4138 249.286 98.0318 249.286 98.0318 247.847 99.5943 247.847 99.5943 246.935 100.76 246.935 100.76 246.576 101.297 246.576 101.297 246.343 101.748 246.343 101.748 244.266 106.745 
16
234.106 105.756 236.781 106.646 236.781 106.646 237.226 106.727 237.226 106.727 237.475 106.778 237.475 106.778 238.693 107.058 238.693 107.058 239.215 107.166 239.215 107.166 239.859 107.285 239.859 107.285 240.658 107.305 240.658 107.305 241.34 107.195 241.34 107.195 241.87 107.078 241.87 107.078 244.266 106.745 
1
320 480 292.159 452.159 
1
0 480 33.3235 446.676 
2
0.018369 423.107 0.0302422 423.077 0.018369 423.107 0.0467877 423.153 
58
0.0302422 423.077 0.588069 422.384 0.588069 422.384 1.56851 420.015 1.56851 420.015 1.67926 419.487 1.67926 419.487 1.84224 418.936 1.84224 418.936 4.2613 412.593 4.2613 412.593 4.28824 412.464 4.28824 412.464 4.72443 410.996 4.72443 410.996 7.52714 403.743 7.52714 403.743 8.11613 401.835 8.11613 401.835 8.6607 400.203 8.6607 400.203 9.08628 399.106 9.08628 399.106 19.5524 369.119 19.5524 369.119 20.3714 366.514 20.3714 366.514 20.7986 365.218 20.7986 365.218 21.0404 364.521 21.0404 364.521 21.6361 362.514 21.3962 360.768 21.6361 362.514 21.0715 357.448 21.3962 360.768 20.8828 354.208 21.0715 357.448 20.5598 352.519 20.8828 354.208 19.8837 346.9 20.5598 352.519 19.8503 346.225 19.8837 346.9 19.513 343.147 19.8503 346.225 19.2822 339.169 19.513 343.147 19.2391 332.467 19.2822 339.169 19.1122 331.392 19.2391 332.467 19.0149 330.472 19.1122 331.392 18.9367 329.637 19.0149 330.472 18.7625 328.484 18.9367 329.637 18.3749 324.464 18.7625 328.484 
2
0.043741 174.664 0.177309 174.511 0.043741 174.664 0.0580653 174.714 
2
5.22655 0.0455805 5.35692 0.138795 5.22655 0.0455805 5.1628 0.0678686 
3
0.0467877 423.153 1.1239 424.019 1.1239 424.019 3.01729 425.053 3.01729 425.053 3.37515 425.201 
2
0.0535995 433.209 0.0812322 433.132 0.0535995 433.209 0.157567 433.358 
6
0.0580653 174.714 2.66626 179.272 2.66626 179.272 3.23013 180.106 3.23013 180.106 8.05453 186.292 8.05453 186.292 10.2054 188.684 10.2054 188.684 13.2345 191.657 13.2345 191.657 15.9266 194.078 
2
0.0667215 4.23859 0.0941532 4.15303 0.0667215 4.23859 0.229007 4.4467 
7
5.1628 0.0678686 4.39263 0.606433 4.39263 0.606433 1.99106 1.61189 1.99106 1.61189 1.67991 1.67991 0.0941532 4.15303 1.67991 1.67991 
2
130.791 0.0769115 130.908 0.121735 130.791 0.0769115 130.59 0.208882 
7
0.0812322 433.132 0.590819 432.422 0.590819 432.422 2.67603 427.393 2.67603 427.393 2.74447 427.072 2.74447 427.072 2.98934 426.237 2.98934 426.237 3.37515 425.201 
19
130.908 0.121735 131.534 0.59959 131.534 0.59959 132.536 0.928243 132.536 0.928243 134.161 1.17811 134.161 1.17811 134.84 1.38283 134.84 1.38283 138.131 1.62936 146.789 1.53038 138.131 1.62936 148.673 1.29215 146.789 1.53038 148.976 1.27189 148.673 1.29215 174.831 1.08024 148.976 1.27189 176.774 0.799735 174.831 1.08024 177 0.7834 176.774 0.799735 319 0.748495 177 0.7834 
4
5.35692 0.138795 6.25873 1.42843 6.25873 1.42843 7.15797 3.14535 7.15797 3.14535 9.98657 9.90158 9.98657 9.90158 10.0473 10.0473 
7
0.157567 433.358 1.33841 434.206 1.33841 434.206 3.10387 435.134 3.10387 435.134 16.7603 440.796 16.7603 440.796 29.3929 445.212 29.3929 445.212 33.3235 446.676 
9
0.177309 174.511 6.50893 170.888 6.50893 170.888 11.3126 167.142 11.3126 167.142 11.5869 166.862 11.5869 166.862 13.9136 163.949 13.9136 163.949 17.8027 159.734 17.8027 159.734 18.1378 159.414 
8
130.59 0.208882 129.755 1.30218 129.755 1.30218 128.089 4.93162 128.089 4.93162 126.725 9.08888 126.725 9.08888 123.464 22.0341 123.464 22.0341 116.747 57.155 
2
0.229007 4.4467 5.032 7.52638 5.032 7.52638 10.0473 10.0473 
2
0.484913 240.473 0.856877 239.624 0.484913 240.473 1.11708 241.58 
2
319.501 242.341 318.976 243.364 319.501 242.341 319.028 241.37 
2
319.501 286.471 319.004 287.467 319.501 286.471 319 285.471 
2
319.501 145.986 319.262 146.677 319.501 145.986 318.459 144.544 
4
319.5 1.49699 319 2.4965 319.5 1.49699 319.233 0.766678 319 0.748495 319.233 0.766678 
9
319.262 146.677 317.032 149.899 317.032 149.899 316.39 150.709 316.39 150.709 315.511 151.693 315.511 151.693 313.32 153.695 313.32 153.695 311.688 154.955 311.688 154.955 308.4 158.075 308.4 158.075 305.974 160.185 305.974 160.185 302.689 162.821 
10
248.433 194.499 248.877 195.107 248.433 194.499 245.206 190.081 245.206 190.081 243.488 188.574 243.488 188.574 239.151 185.953 248.877 195.107 249.638 195.896 249.638 195.896 249.777 195.979 
28
0.856877 239.624 1.43407 238.965 1.43407 238.965 1.67316 238.522 1.67316 238.522 1.71412 238.388 1.71412 238.388 2.08788 237.543 2.08788 237.543 2.62039 236.62 2.62039 236.62 3.22459 235.742 3.22459 235.742 5.8428 232.47 5.8428 232.47 6.04866 231.787 6.04866 231.787 7.01788 228.344 7.01788 228.344 7.44988 227.041 7.44988 227.041 9.05735 222.829 9.05735 222.829 9.78502 221.154 9.78502 221.154 10.5133 219.66 10.5133 219.66 13.3763 215.064 13.3763 215.064 14.9119 213.038 14.9119 213.038 15.4725 212.317 15.4725 212.317 16.5977 210.034 16.5977 210.034 17.6919 206.653 17.6919 206.653 18.016 205.697 
4
263.314 155.073 260.474 155.482 263.314 155.073 263.482 154.898 263.482 154.898 263.663 154.682 263.663 154.682 264.178 153.734 
13
319.028 241.37 318.237 240.557 318.237 240.557 315.887 237.594 315.887 237.594 315.322 236.936 315.322 236.936 313.407 234.862 313.407 234.862 307.909 227.134 307.909 227.134 304.31 222.871 304.31 222.871 302.342 220.857 302.342 220.857 295.717 212.438 295.717 212.438 291.317 207.387 291.317 207.387 284.769 200.532 
6
319.004 287.467 309.185 297.305 309.185 297.305 306.82 300.247 306.82 300.247 304.139 303.236 304.139 303.236 300.199 307.213 300.199 307.213 299.861 307.552 
1
319 2.4965 299.666 21.8405 
7
319 285.471 307.976 274.468 307.976 274.468 304.713 271.562 304.713 271.562 301.938 269.331 301.938 269.331 301.531 268.928 301.531 268.928 298.704 265.562 
10
318.976 243.364 317.957 244.357 317.957 244.357 317.424 244.823 317.424 244.823 314.027 247.517 314.027 247.517 311.354 249.985 311.354 249.985 308.16 252.552 308.16 252.552 300.424 258.057 300.424 258.057 299.558 258.902 299.558 258.902 297.788 260.564 
5
90.1015 166.672 89.7377 167.175 90.1015 166.672 90.4107 166.243 90.4107 166.243 90.4832 166.138 89.7377 167.175 80.2683 171.063 80.2683 171.063 66.3674 173.957 
12
1.11708 241.58 2.24317 242.567 2.24317 242.567 4.31593 243.951 4.31593 243.951 6.36181 245.055 6.36181 245.055 7.0558 245.418 7.0558 245.418 10.2327 247.959 10.2327 247.959 15.3997 251.475 15.3997 251.475 19.0794 253.652 19.0794 253.652 40.3453 263.397 
2
196.318 165.756 195.395 166.712 196.318 165.756 195.975 162.058 
5
199.544 135.451 199.567 135.018 199.544 135.451 199.916 136.697 199.567 135.018 199.663 134.34 199.663 134.34 200.144 132.8 200.144 132.8 201.643 129.477 
31
90.4832 166.138 91.1696 165.087 91.1696 165.087 91.9556 164.157 91.9556 164.157 92.8144 163.333 92.8144 163.333 93.524 162.578 93.524 162.578 94.5108 161.423 94.5108 161.423 95.1671 160.604 95.1671 160.604 97.3316 157.734 97.3316 157.734 97.6711 157.375 97.6711 157.375 101.575 153.889 101.575 153.889 103.371 152.5 103.371 152.5 105.722 148.656 105.722 148.656 107.731 144.994 107.731 144.994 109.404 141.594 109.404 141.594 113.843 133.967 113.843 133.967 117.03 129.198 117.03 129.198 118.562 126.973 118.562 126.973 123.036 122.091 123.036 122.091 132.917 111.973 132.917 111.973 138.363 107.038 
4
215.576 254.944 210.882 255.199 215.576 254.944 216.041 254.444 216.041 254.444 216.66 253.58 210.882 255.199 209.92 254.917 
8
212.986 363.573 213.093 363.568 212.986 363.573 212.13 363.772 212.13 363.772 211.506 364.023 211.506 364.023 208.773 365.933 213.093 363.568 213.419 363.56 213.419 363.56 215.461 364.109 215.461 364.109 215.592 364.2 
16
203.234 175.538 203.715 175.179 203.234 175.538 202.541 176.501 202.541 176.501 202.293 177.031 202.293 177.031 201.584 184.102 201.584 184.102 201.608 184.251 201.608 184.251 203.207 187.333 203.207 187.333 204.014 188.817 
7
257.083 230.896 257.556 230.2 257.083 230.896 256.92 231.136 256.92 231.136 255.846 232.153 255.846 232.153 254.777 232.847 257.556 230.2 257.912 229.566 257.912 229.566 259.298 226.593 259.298 226.593 260.499 223.716 
6
199.321 159.832 198.383 161.024 199.321 159.832 198.993 156.129 198.993 156.129 198.785 155.815 198.383 161.024 197.471 161.452 
11
195.176 167.268 195.274 166.999 195.176 167.268 195.172 167.279 195.172 167.279 194.947 168.011 194.947 168.011 194.858 168.355 194.858 168.355 194.866 168.964 194.866 168.964 194.919 169.63 194.919 169.63 195.136 170.984 195.136 170.984 195.31 171.407 195.31 171.407 195.818 172.574 
3
195.274 166.999 195.395 166.712 
46
203.715 175.179 205.399 174.173 205.399 174.173 205.949 173.899 205.949 173.899 207.012 173.464 207.012 173.464 208.508 173.07 208.508 173.07 208.989 173.002 208.989 173.002 209.089 173.004 209.089 173.004 209.37 173.007 209.37 173.007 210.835 172.996 210.835 172.996 210.95 173.014 210.95 173.014 211.665 173.015 211.665 173.015 212.223 173.002 212.223 173.002 212.712 172.981 212.712 172.981 212.9 172.952 212.9 172.952 213.025 172.934 213.025 172.934 215.192 172.9 215.192 172.9 216.516 173.023 216.516 173.023 217.436 173.024 217.436 173.024 217.816 172.959 217.816 172.959 219.502 172.654 219.502 172.654 221.19 172.41 221.19 172.41 221.563 172.369 221.563 172.369 222.637 172.139 222.637 172.139 225.876 171.263 225.876 171.263 228.832 170.307 228.832 170.307 232.488 168.959 
4
262.956 355.543 265.394 355.922 262.956 355.543 260.486 357.354 265.394 355.922 266.487 356.685 
9
199.916 136.697 200.038 136.913 200.038 136.913 201.121 138.208 201.121 138.208 201.346 138.411 201.346 138.411 202.738 140.278 202.738 140.278 207.61 145.434 207.61 145.434 209.528 147.198 209.528 147.198 210.503 147.984 
5
84.8652 326.732 84.9104 327.918 84.8652 326.732 84.2556 325.457 84.2556 325.457 83.0402 323.847 84.9104 327.918 84.4988 328.753 
14
318.459 144.544 315.147 142.252 315.147 142.252 314.389 141.27 314.389 141.27 313.32 140.028 313.32 140.028 310.318 136.864 310.318 136.864 304.353 129.434 304.353 129.434 301.546 126.265 301.546 126.265 296.768 121.335 296.768 121.335 290.988 114.215 290.988 114.215 287.078 109.75 
24
92.4595 168.299 95.6304 171.688 95.6304 171.688 97.201 172.861 97.201 172.861 97.7012 173.372 97.7012 173.372 98.7256 174.524 98.7256 174.524 100.37 176.549 100.37 176.549 101.36 177.546 101.36 177.546 104.026 179.863 104.026 179.863 104.63 180.322 104.63 180.322 104.857 180.495 104.857 180.495 105.64 181.101 105.64 181.101 107.118 182.183 107.118 182.183 110.214 184.337 110.214 184.337 112.867 186.292 112.867 186.292 116.642 189.224 116.642 189.224 118.442 190.592 118.442 190.592 122.244 193.42 122.244 193.42 123.785 194.694 
26
264.178 153.734 264.266 153.485 264.266 153.485 264.413 153.116 264.413 153.116 264.654 151.709 264.654 151.709 264.681 151.615 264.681 151.615 264.81 148.29 264.81 148.29 264.664 147.117 264.664 147.117 264.653 147.043 264.653 147.043 264.378 144.393 264.378 144.393 264.201 141.547 264.201 141.547 264.153 140.651 264.153 140.651 264.376 139.77 264.376 139.77 264.533 139.167 264.533 139.167 264.694 138.701 
11
152.861 221.397 152.811 221.427 152.861 221.397 153.002 221.312 153.002 221.312 154.072 220.885 154.072 220.885 154.463 220.886 154.463 220.886 155.079 220.917 155.079 220.917 156.545 221.158 156.545 221.158 156.941 221.327 156.941 221.327 161.902 223.58 161.902 223.58 161.904 223.581 
8
152.811 221.427 152.333 221.667 152.333 221.667 152.244 221.703 152.244 221.703 151.825 221.903 151.825 221.903 151.672 222.047 151.672 222.047 151.013 222.697 151.013 222.697 150.544 223.101 150.544 223.101 149.918 223.569 
13
225.049 432.773 225.136 432.865 225.049 432.773 224.749 432.454 224.749 432.454 224.384 432.114 224.384 432.114 223.126 431.522 223.126 431.522 222.207 431.232 222.207 431.232 216.36 430.555 216.36 430.555 214.502 430.559 225.136 432.865 225.375 433.146 225.458 433.356 225.375 433.146 225.458 433.356 225.475 433.404 225.475 433.404 225.689 434.021 
10
97.7499 259.719 96.6918 255.436 96.6918 255.436 96.4237 255.039 
7
244.953 437.506 244.639 437.066 244.639 437.066 244.38 436.744 
4
257.229 160.536 257.22 160.509 257.229 160.536 257.413 161.141 257.413 161.141 260.798 165.16 257.22 160.509 257.528 157.204 
148
52.2771 361.45 51.9363 361.714 52.2771 361.45 52.964 360.662 53.2349 360.445 52.964 360.662 53.2349 360.445 53.8978 359.707 53.8978 359.707 53.97 359.605 54.1805 359.433 53.97 359.605 54.1805 359.433 54.7862 358.785 54.7862 358.785 54.9865 358.522 55.1068 358.258 54.9865 358.522 55.1458 358.175 55.1068 358.258 55.1458 358.175 55.3846 357.74 55.5409 357.573 55.3846 357.74 55.5634 357.55 55.5409 357.573 55.5634 357.55 55.5911 357.522 55.5911 357.522 55.7085 357.398 56.0024 356.827 55.7085 357.398 56.0024 356.827 56.0237 356.777 56.0237 356.777 56.0618 356.685 56.2936 356.376 56.0618 356.685 56.5336 356.026 56.2936 356.376 56.5336 356.026 56.6834 355.808 56.6834 355.808 56.6896 355.799 56.6896 355.799 57.4027 354.753 57.5955 354.544 57.4027 354.753 57.6588 354.474 57.5955 354.544 57.6588 354.474 58.0261 354 58.0261 354 58.1141 353.87 58.1204 353.865 58.1141 353.87 58.5796 353.413 58.1204 353.865 58.5796 353.413 59.0371 352.801 59.0371 352.801 59.1969 352.547 59.2736 352.469 59.1969 352.547 59.2783 352.464 59.2736 352.469 59.3561 352.383 59.2783 352.464 59.3561 352.383 59.6117 352.12 59.6117 352.12 60.0874 351.688 60.0874 351.688 60.185 351.61 60.185 351.61 60.3372 351.422 60.3372 351.422 61.2307 350.548 61.2307 350.548 61.3092 350.487 61.3092 350.487 63.4208 347.986 63.4208 347.986 65.227 346.114 65.3448 345.935 65.227 346.114 66.0065 345.093 65.3448 345.935 66.0065 345.093 66.1037 344.992 66.1037 344.992 66.1691 344.925 66.1691 344.925 66.1875 344.906 66.3004 344.727 66.1875 344.906 66.4583 344.467 66.3004 344.727 66.4583 344.467 66.6487 344.153 66.6487 344.153 66.6828 344.096 66.6828 344.096 66.7456 343.99 67.0624 343.618 66.7456 343.99 67.0624 343.618 67.2307 343.394 67.3487 343.151 67.2307 343.394 67.3923 343.056 67.3487 343.151 67.5286 342.779 67.3923 343.056 68.0152 342.168 67.5286 342.779 68.0152 342.168 68.0845 342.093 68.0845 342.093 68.1403 342.034 68.7362 341.115 68.1403 342.034 69.2845 340.404 68.7362 341.115 69.2845 340.404 69.4915 340.188 69.5714 340.061 69.4915 340.188 69.8316 339.682 69.5714 340.061 69.98 339.485 69.8316 339.682 69.98 339.485 70.2099 339.179 70.2099 339.179 70.3263 339.018 70.3263 339.018 70.3586 338.95 70.3586 338.95 70.4634 338.725 70.501 338.675 70.4634 338.725 70.9253 338.012 70.501 338.675 70.9518 337.963 70.9253 338.012 70.9518 337.963 70.9557 337.955 70.9557 337.955 71.2019 337.545 71.2908 337.443 71.2019 337.545 71.2908 337.443 71.5521 337.172 71.5521 337.172 71.571 337.153 71.6794 336.986 71.571 337.153 72.1672 336.349 71.6794 336.986 72.1672 336.349 72.3271 336.179 72.3271 336.179 72.4258 336.078 73.0505 335.142 72.4258 336.078 73.4673 334.604 73.0505 335.142 73.4673 334.604 73.8829 334.195 73.8988 334.169 73.8829 334.195 74.378 333.534 73.8988 334.169 74.378 333.534 75.0177 332.942 75.0177 332.942 75.0905 332.886 75.5017 332.373 75.0905 332.886 75.6615 332.162 75.5017 332.373 75.6615 332.162 75.9756 331.658 75.9756 331.658 76.4943 330.7 76.6757 330.468 76.4943 330.7 76.6988 330.437 76.6757 330.468 76.6988 330.437 76.7818 330.324 76.7818 330.324 77.0931 329.849 77.0931 329.849 77.7171 328.773 77.7444 328.742 77.7171 328.773 77.8921 328.571 77.7444 328.742 77.8921 328.571 78.3355 327.953 78.3355 327.953 78.467 327.742 79.8635 326.237 78.467 327.742 80.0871 326.009 79.8635 326.237 80.0871 326.009 80.4417 325.697 80.4417 325.697 81.7299 324.656 51.9363 361.714 51.7149 361.866 51.7149 361.866 51.4994 362.024 51.4994 362.024 51.205 362.444 51.205 362.444 50.9723 362.823 
31
225.689 434.021 225.723 434.115 225.723 434.115 225.894 434.573 225.894 434.573 226.096 435.64 226.096 435.64 226.15 435.887 226.15 435.887 226.457 437.146 226.457 437.146 226.452 439.303 226.452 439.303 226.434 439.412 226.434 439.412 226.43 439.62 226.43 439.62 226.41 442.051 226.41 442.051 226.515 443.049 226.515 443.049 226.528 443.688 226.528 443.688 226.829 446.333 226.829 446.333 226.833 446.371 
7
193.701 132.565 193.595 131.656 193.701 132.565 193.744 132.728 193.595 131.656 194.429 129.426 194.429 129.426 202.184 125.494 202.184 125.494 203.338 125.188 
15
193.744 132.728 194.033 133.74 194.033 133.74 194.373 134.568 194.373 134.568 194.73 135.225 194.73 135.225 194.834 135.409 194.834 135.409 195.02 135.725 195.02 135.725 195.043 135.79 195.043 135.79 195.301 136.416 195.301 136.416 195.269 138.285 195.652 139.649 195.269 138.285 
36
216.66 253.58 216.913 253.252 216.913 253.252 217.63 252.379 217.63 252.379 217.653 252.298 217.653 252.298 217.793 251.826 217.793 251.826 219.92 247.78 219.92 247.78 221.124 246.105 221.124 246.105 223.274 241.857 223.274 241.857 224.974 239.971 224.974 239.971 227.101 237.056 227.101 237.056 229.575 233.603 229.575 233.603 229.754 233.377 229.754 233.377 230.086 232.864 230.086 232.864 230.944 231.33 
23
91.0721 184.096 90.7022 183.82 90.7022 183.82 90.3425 183.573 90.3425 183.573 89.7638 183.204 89.7638 183.204 84.8478 181.343 84.8478 181.343 82.0709 180.695 82.0709 180.695 76.7092 179.125 76.7092 179.125 73.3859 177.987 73.3859 177.987 72.8426 177.856 72.8426 177.856 71.3909 177.069 71.3909 177.069 70.5209 176.588 70.5209 176.588 66.3498 174.235 
7
120.131 262.467 121.356 260.536 120.131 262.467 119.984 264.079 119.984 264.079 121.573 266.425 121.573 266.425 122.677 267.473 121.356 260.536 121.479 260.473 
158
84.4988 328.753 83.9335 329.629 83.9335 329.629 83.752 329.931 83.752 329.931 83.6721 330.153 83.6721 330.153 83.4625 330.777 83.4625 330.777 81.7485 334.253 81.7485 334.253 80.3471 337.367 80.3471 337.367 80.0762 337.919 80.0762 337.919 79.8211 338.398 79.8211 338.398 79.627 338.945 79.627 338.945 79.342 339.665 79.342 339.665 79.2883 339.901 79.2883 339.901 78.8352 341.402 78.8352 341.402 78.2968 343.087 78.2968 343.087 78.1908 343.526 78.1908 343.526 77.8288 344.762 77.8288 344.762 77.7464 345.1 77.7464 345.1 77.1967 346.323 77.1967 346.323 77.1177 346.554 77.1177 346.554 76.8656 347.235 76.8656 347.235 76.5119 348.119 76.5119 348.119 76.372 348.599 76.372 348.599 76.0007 349.714 76.0007 349.714 75.8065 350.233 75.8065 350.233 75.2439 351.999 75.2439 351.999 74.3843 354.361 74.3843 354.361 73.9056 355.443 73.9056 355.443 73.4355 356.24 73.4355 356.24 72.6482 357.706 72.6482 357.706 71.5169 360.028 71.5169 360.028 70.9934 360.959 70.9934 360.959 70.9575 361.023 70.9575 361.023 69.3816 363.208 69.3816 363.208 69.3585 363.24 69.3585 363.24 68.9829 363.814 68.9829 363.814 68.8985 363.975 68.8985 363.975 68.5193 364.983 68.5193 364.983 67.9996 366.279 67.9996 366.279 67.4515 367.899 67.4515 367.899 67.0886 368.554 67.0886 368.554 66.0285 370.406 66.0285 370.406 65.4413 371.483 65.4413 371.483 65.3602 371.853 65.3602 371.853 64.9187 373.935 64.9187 373.935 63.8373 377.768 63.8373 377.768 63.7282 378.018 63.7282 378.018 60.0624 386.32 60.0624 386.32 59.4066 387.908 59.4066 387.908 59.0497 388.834 58.8415 389.052 59.0497 388.834 57.3698 390.522 58.8415 389.052 56.8586 391.029 57.3698 390.522 56.7199 391.17 56.8586 391.029 55.4616 392.54 56.7199 391.17 54.7679 393.319 55.4616 392.54 53.8462 394.385 54.7679 393.319 52.8032 395.653 53.8462 394.385 52.8032 395.653 52.3194 396.286 51.91 396.921 52.3194 396.286 51.91 396.921 51.2015 398.019 51.2015 398.019 50.4813 399.244 50.4813 399.244 49.2499 401.683 49.2499 401.683 48.022 404.381 48.022 404.381 47.6896 405.192 47.6896 405.192 47.6518 405.296 47.6518 405.296 47.0573 407.276 47.0573 407.276 47.0332 407.369 47.0332 407.369 46.7367 408.446 
5
249.777 195.979 250.502 196.401 250.502 196.401 261.938 199.227 261.938 199.227 272.812 200.496 272.812 200.496 273.824 200.611 273.824 200.611 283.187 201.646 
11
259.849 233.648 261.327 234.885 261.327 234.885 261.56 235.122 261.56 235.122 261.586 235.157 
1
50.9723 362.823 47.7196 365.384 
4
292.212 146.396 293.495 146.875 292.212 146.396 288.59 146.979 293.495 146.875 293.914 147.105 293.914 147.105 298.179 151.826 
4
197.471 161.452 197.199 161.545 197.199 161.545 196.672 161.755 196.672 161.755 196.323 161.912 196.323 161.912 195.975 162.058 
8
244.689 119.128 244.541 119.495 244.689 119.128 244.729 119.029 244.729 119.029 244.994 118.104 244.994 118.104 245.194 116.993 245.194 116.993 245.183 116.669 244.541 119.495 238.221 124.354 
64
253.526 151.484 254.11 152.068 253.526 151.484 253.2 151.158 253.2 151.158 253.051 151.003 253.051 151.003 253.015 150.939 253.015 150.939 252.942 150.811 252.942 150.811 251.804 149.435 251.804 149.435 251.49 149.163 251.49 149.163 251.091 148.786 251.091 148.786 251.005 148.698 251.005 148.698 250.853 148.547 250.853 148.547 250.447 148.288 250.447 148.288 250.173 148.259 250.173 148.259 247.262 148.002 247.262 148.002 246.499 147.895 246.499 147.895 244.856 147.579 244.856 147.579 241.749 146.352 241.749 146.352 240.107 145.511 240.107 145.511 239.791 144.962 239.791 144.962 239.748 144.883 239.748 144.883 238.59 143.123 238.59 143.123 238.116 142.519 238.116 142.519 237.577 141.783 237.577 141.783 236.47 140.164 236.47 140.164 235.69 139.116 235.69 139.116 235.664 139.084 235.664 139.084 234.312 137.343 234.312 137.343 233.18 136.053 233.18 136.053 232.934 135.768 232.934 135.768 232.131 134.823 232.131 134.823 229.591 131.344 229.591 131.344 228.861 130.192 228.861 130.192 227.362 127.631 227.362 127.631 226.955 126.152 254.11 152.068 254.141 152.099 254.141 152.099 254.145 152.101 254.145 152.101 254.202 152.132 254.202 152.132 255.566 153.216 255.566 153.216 255.839 153.512 255.839 153.512 256.649 154.205 256.649 154.205 257.366 154.909 257.366 154.909 257.9 155.506 
3
244.38 436.744 243.213 434.673 243.213 434.673 242.601 433.167 242.601 433.167 239.746 421.716 
189
107.997 289.997 108.082 289.832 107.997 289.997 107.915 290.157 107.915 290.157 107.757 290.44 107.7 290.501 107.757 290.44 107.659 290.544 107.7 290.501 107.529 290.686 107.659 290.544 107.529 290.686 107.039 291.352 107.039 291.352 106.464 292.29 106.407 292.352 106.464 292.29 106.292 292.479 106.407 292.352 106.292 292.479 106.261 292.514 106.031 292.9 106.261 292.514 105.985 292.987 106.031 292.9 105.985 292.987 105.878 293.185 105.878 293.185 105.647 293.573 105.647 293.573 105.463 293.775 105.463 293.775 105.444 293.794 105.341 293.966 105.444 293.794 105.035 294.42 105.341 293.966 104.984 294.487 105.035 294.42 104.984 294.487 104.805 294.726 104.805 294.726 104.627 294.977 104.627 294.977 104.494 295.177 104.451 295.219 104.494 295.177 104.313 295.359 104.451 295.219 104.313 295.359 103.728 296.094 103.728 296.094 103.485 296.458 103.485 296.458 102.808 297.233 102.808 297.233 102.342 297.841 102.342 297.841 102.254 297.974 102.254 297.974 102.215 298.037 102.181 298.075 102.215 298.037 101.951 298.343 102.181 298.075 101.951 298.343 101.455 299.056 101.455 299.056 100.942 299.918 100.732 300.166 100.942 299.918 100.732 300.166 100.223 300.893 100.223 300.893 100.072 301.143 98.5991 302.896 100.072 301.143 98.5185 302.994 98.5991 302.896 98.5185 302.994 98.0813 303.604 98.0813 303.604 97.8901 303.905 93.7608 308.818 97.8901 303.905 93.6686 308.952 93.7608 308.818 93.2806 309.598 93.6686 308.952 93.2806 309.598 93.2286 309.7 93.2286 309.7 93.1328 309.892 93.1192 309.909 93.1328 309.892 92.5568 310.794 93.1192 309.909 92.5568 310.794 92.4502 311.008 92.4502 311.008 92.0006 311.956 91.9859 311.976 92.0006 311.956 91.5067 312.748 91.9859 311.976 91.5067 312.748 91.397 312.968 91.397 312.968 91.3278 313.115 91.3278 313.115 91.2666 313.241 90.8653 313.733 91.2666 313.241 90.8653 313.733 90.8301 313.772 90.8301 313.772 90.7835 313.822 90.6406 314.048 90.7835 313.822 90.0698 314.808 90.6406 314.048 88.9184 316.107 90.0698 314.808 88.8789 316.152 88.9184 316.107 88.8789 316.152 88.4916 316.65 88.4349 316.763 88.4916 316.65 88.3377 316.963 88.4349 316.763 88.3197 316.987 88.3377 316.963 88.2932 317.022 88.3197 316.987 87.9587 317.466 88.2932 317.022 87.9587 317.466 87.6415 317.887 87.6415 317.887 87.6366 317.894 87.587 318.004 87.6366 317.894 87.556 318.074 87.587 318.004 87.5459 318.097 87.556 318.074 87.5459 318.097 87.4303 318.342 87.054 318.818 87.4303 318.342 87.054 318.818 87.0437 318.83 87.0437 318.83 85.8878 320.136 85.8878 320.136 85.4363 320.717 85.4363 320.717 85.4209 320.746 85.4209 320.746 85.3188 320.943 85.2959 320.972 85.3188 320.943 85.1879 321.111 85.2959 320.972 84.934 321.448 85.1879 321.111 84.934 321.448 84.5285 321.986 84.5285 321.986 84.5208 321.996 84.5208 321.996 84.5021 322.021 84.5021 322.021 84.4684 322.091 84.3809 322.205 84.4684 322.091 84.1002 322.578 84.3809 322.205 84.1002 322.578 83.7576 323.033 83.7576 323.033 83.2094 323.668 83.2094 323.668 83.169 323.709 83.169 323.709 83.0503 323.832 83.0503 323.832 83.0402 323.847 108.082 289.832 108.214 289.592 108.233 289.572 108.214 289.592 108.281 289.521 108.233 289.572 108.531 289.236 108.281 289.521 108.531 289.236 108.716 288.992 108.716 288.992 108.914 288.711 109.146 288.272 108.914 288.711 109.294 288.013 109.146 288.272 109.294 288.013 109.701 287.448 109.701 287.448 109.765 287.371 109.892 287.127 109.765 287.371 110.06 286.828 109.892 287.127 110.06 286.828 110.225 286.579 110.225 286.579 113.371 282.102 113.464 282.011 113.371 282.102 113.903 281.526 113.464 282.011 113.903 281.526 113.96 281.453 114.057 281.309 113.96 281.453 114.057 281.309 114.278 280.937 114.278 280.937 114.353 280.798 114.849 280.149 114.353 280.798 114.849 280.149 114.912 280.049 114.912 280.049 115.213 279.562 115.918 278.609 115.213 279.562 116.096 278.352 115.918 278.609 116.096 278.352 116.286 278.034 116.286 278.034 116.334 277.949 116.911 277.216 116.334 277.949 116.911 277.216 117.141 276.825 117.141 276.825 117.145 276.818 117.145 276.818 117.227 276.669 117.436 276.451 117.227 276.669 117.436 276.451 117.872 275.996 117.886 275.969 117.872 275.996 117.908 275.928 117.886 275.969 117.908 275.928 117.927 275.892 117.927 275.892 118.715 274.787 118.715 274.787 118.773 274.683 118.773 274.683 119.834 273.313 119.834 273.313 119.842 273.306 119.842 273.306 119.927 273.179 119.927 273.179 120.267 272.719 120.267 272.719 120.772 272.096 120.772 272.096 120.863 271.911 120.863 271.911 122.61 268.2 122.61 268.2 122.747 267.921 122.747 267.921 122.826 267.765 
6
130.521 267.122 133.385 268.652 130.521 267.122 129.6 267.041 129.6 267.041 129.076 267.083 133.385 268.652 135.455 270.581 135.455 270.581 153.312 298.598 
9
93.358 345.179 94.172 345.728 94.172 345.728 95.3367 346.858 95.3367 346.858 96.3281 347.957 
8
260.474 155.482 260.4 155.468 260.4 155.468 260.076 155.409 260.076 155.409 259.737 155.277 259.737 155.277 257.9 155.506 
26
149.918 223.569 148.581 224.325 148.581 224.325 147.811 224.653 147.811 224.653 146.919 224.99 146.919 224.99 145.709 225.153 145.709 225.153 143.036 225.156 143.036 225.156 138.753 224.75 138.753 224.75 138.366 224.676 138.366 224.676 136.458 224.301 136.458 224.301 130.09 222.694 130.09 222.694 125.193 221.265 
8
135.401 251.38 135.405 251.378 135.401 251.38 134.872 251.698 134.872 251.698 131.513 256.057 131.513 256.057 131.181 257.732 135.405 251.378 136.287 250.955 136.287 250.955 137.266 250.594 
4
39.5158 171.535 39.1444 172.647 39.5158 171.535 38.0827 165.987 38.0827 165.987 37.7922 165.538 37.7922 165.538 26.7741 154.966 
11
276.578 148.696 275.782 148.793 276.578 148.696 277.409 148.456 275.782 148.793 274.477 148.513 274.477 148.513 272.895 147.48 272.895 147.48 271.614 146.363 271.614 146.363 270.533 145.316 270.533 145.316 268.72 143.388 268.72 143.388 267.161 141.631 267.161 141.631 264.694 138.701 
15
121.479 260.473 122.531 259.954 122.531 259.954 124.11 259.414 124.11 259.414 126.067 258.989 126.067 258.989 127.719 258.758 127.719 258.758 128.148 258.661 128.148 258.661 128.845 258.454 128.845 258.454 129.099 258.375 129.099 258.375 130.905 257.797 130.905 257.797 131.014 257.762 131.014 257.762 131.181 257.732 
24
215.592 364.2 216.981 364.871 216.981 364.871 217.21 364.955 217.21 364.955 217.576 365.096 217.576 365.096 218.838 365.697 218.838 365.697 222.56 367.787 222.56 367.787 223.417 368.19 223.417 368.19 224.581 368.787 224.581 368.787 226.299 369.739 226.299 369.739 227.954 370.956 227.954 370.956 232.504 373.682 232.504 373.682 234.844 374.833 234.844 374.833 239.244 376.713 239.244 376.713 242.496 378.292 242.496 378.292 243.751 378.882 
11
129.076 267.083 126.89 267.369 126.89 267.369 126.592 267.415 126.592 267.415 126.115 267.499 126.115 267.499 125.937 267.532 125.937 267.532 125.588 267.512 125.588 267.512 123.834 267.605 123.834 267.605 122.826 267.765 
4
195.856 140.939 195.858 141.019 195.856 140.939 195.652 139.649 195.858 141.019 195.872 141.655 195.872 141.655 192.928 148.422 
19
277.409 148.456 279.442 147.685 279.442 147.685 280.985 147.308 280.985 147.308 281.322 147.265 281.322 147.265 285.119 147.32 285.119 147.32 285.245 147.351 285.245 147.351 286.476 147.746 287.634 147.438 286.476 147.746 288.59 146.979 287.634 147.438 
25
39.1444 172.647 38.7929 173.409 38.7929 173.409 38.6855 173.63 38.6855 173.63 38.329 174.686 38.329 174.686 37.7347 176.028 37.7347 176.028 36.9981 177.318 36.9981 177.318 34.5659 179.091 34.5659 179.091 33.5197 179.638 33.5197 179.638 32.1792 180.254 32.1792 180.254 31.7178 180.441 31.7178 180.441 31.6679 180.467 31.6679 180.467 30.4018 181.826 30.4018 181.826 29.8953 182.606 29.8953 182.606 28.5848 184.335 28.5848 184.335 26.2241 187.026 
13
260.486 357.354 258.182 360.534 258.182 360.534 257.621 361.363 257.621 361.363 253.409 368.012 253.409 368.012 252.962 368.699 252.962 368.699 251.372 370.495 251.372 370.495 246.641 375.502 246.641 375.502 243.925 378.59 243.925 378.59 243.751 378.882 
13
262.588 442.061 262.504 442.164 262.588 442.061 263.295 441.187 263.295 441.187 263.595 438.054 263.595 438.054 262.421 435.214 262.421 435.214 261.922 434.353 261.922 434.353 261.154 433.136 261.154 433.136 258.315 430.518 258.315 430.518 256.043 429.282 
3
262.504 442.164 262.033 442.84 262.033 442.84 261.832 443.178 261.832 443.178 261.293 443.953 
147
87.4255 344.208 87.7058 342.418 87.4255 344.208 87.604 345.644 87.604 345.644 87.6798 345.948 87.6798 345.948 87.6872 345.978 87.6872 345.978 87.7402 346.335 87.7058 342.418 88.1418 341.023 88.1418 341.023 88.8308 339.435 88.8308 339.435 90.2448 337.837 90.2448 337.837 92.6492 335.584 92.6492 335.584 93.1523 335.131 93.1523 335.131 95.4554 333.132 95.4554 333.132 95.662 332.95 95.662 332.95 97.6276 330.769 97.6276 330.769 97.8875 330.504 97.8875 330.504 98.5064 329.893 98.5064 329.893 99.7461 328.704 99.7461 328.704 99.8959 328.56 99.8959 328.56 102.022 327.453 102.022 327.453 103.355 326.737 103.355 326.737 105.739 325.649 105.739 325.649 109.305 323.777 109.305 323.777 110.396 323.165 110.396 323.165 111.152 322.58 111.152 322.58 111.705 322.142 111.705 322.142 111.836 322.05 111.836 322.05 115.208 320.251 115.208 320.251 116.538 319.616 116.538 319.616 119.482 318.082 119.482 318.082 119.563 318.043 119.563 318.043 119.942 317.814 119.942 317.814 122.678 316.176 122.678 316.176 123.823 315.47 123.823 315.47 125.512 314.426 125.512 314.426 125.645 314.326 125.645 314.326 126.933 313.341 126.933 313.341 127.09 313.231 127.09 313.231 128.381 312.408 128.381 312.408 128.612 312.269 128.612 312.269 130.483 311.096 130.483 311.096 130.722 310.953 130.722 310.953 131.086 310.699 131.086 310.699 132.32 309.833 132.32 309.833 135.356 307.812 135.356 307.812 135.969 307.399 135.969 307.399 136.648 307 136.648 307 137.486 306.519 137.486 306.519 138.719 305.664 138.719 305.664 142.047 303.759 142.047 303.759 143.391 303.037 143.391 303.037 145.308 301.972 145.308 301.972 146.236 301.439 146.236 301.439 148.202 300.61 
1
81.7299 324.656 83.0402 323.847 
122
42.1767 376.534 41.5321 377.296 42.1767 376.534 42.2551 376.421 42.2551 376.421 45.5012 371.619 45.5012 371.619 45.8727 370.993 45.8727 370.993 46.3303 370.107 46.3303 370.107 46.7525 369.098 46.7525 369.098 47.4039 367.122 47.4039 367.122 47.7196 365.384 41.3094 377.632 41.5321 377.296 41.3094 377.632 41.221 377.754 41.221 377.754 40.4252 378.816 40.4003 378.841 40.4252 378.816 39.9315 379.368 40.4003 378.841 39.9315 379.368 39.7318 379.636 39.5565 380.006 39.7318 379.636 39.5528 380.014 39.5565 380.006 39.5348 380.056 39.5528 380.014 39.5348 380.056 39.3639 380.41 39.1581 380.689 39.3639 380.41 39.1581 380.689 38.6568 381.253 38.6204 381.31 38.6568 381.253 38.2829 381.787 38.6204 381.31 38.2829 381.787 38.2693 381.804 38.2693 381.804 35.6328 385.146 35.6328 385.146 35.2881 385.631 35.2881 385.631 35.2005 385.767 34.7845 386.238 35.2005 385.767 34.7845 386.238 34.3112 386.926 34.3112 386.926 34.2857 386.969 33.9421 387.365 34.2857 386.969 33.9421 387.365 33.576 387.878 33.576 387.878 33.0711 388.666 32.6575 389.137 33.0711 388.666 32.6575 389.137 32.3318 389.586 31.7581 390.215 32.3318 389.586 31.7581 390.215 31.3559 390.783 31.3559 390.783 31.3413 390.806 30.8865 391.318 31.3413 390.806 30.8865 391.318 30.5524 391.78 30.5524 391.78 30.2944 392.173 29.6157 393.006 30.2944 392.173 29.5677 393.066 29.6157 393.006 29.5677 393.066 29.1171 393.71 29.1171 393.71 29.06 393.804 28.7252 394.192 29.06 393.804 28.7252 394.192 28.2499 394.876 28.2499 394.876 28.0955 395.132 26.6196 396.894 28.0955 395.132 26.5143 397.023 26.6196 396.894 26.5143 397.023 26.0669 397.66 26.0669 397.66 26.0134 397.747 25.6686 398.147 26.0134 397.747 25.6686 398.147 25.1877 398.838 25.1877 398.838 25.0481 399.068 19.9304 405.097 25.0481 399.068 19.8024 405.253 19.9304 405.097 19.8024 405.253 19.3431 405.914 19.3431 405.914 19.17 406.2 18.5113 406.996 19.17 406.2 18.4297 407.092 18.5113 406.996 18.4297 407.092 18.3685 407.162 18.3685 407.162 17.7448 407.865 17.5604 408.146 17.7448 407.865 17.0678 408.8 17.5604 408.146 17.0678 408.8 16.8069 409.085 16.7556 409.167 16.8069 409.085 16.2076 409.909 16.7556 409.167 16.2076 409.909 16.1546 409.97 16.1546 409.97 15.9417 410.211 15.9417 410.211 15.3886 410.938 15.3886 410.938 15.2042 411.222 15.2042 411.222 11.7917 415.076 11.7917 415.076 11.2022 415.851 11.2022 415.851 11.0882 416.026 11.0561 416.099 11.0882 416.026 10.9593 416.251 11.0561 416.099 10.3334 417.081 10.9593 416.251 10.3334 417.081 10.3264 417.089 10.3264 417.089 6.81544 421.035 6.81544 421.035 6.20573 421.837 6.20573 421.837 6.0923 422.012 6.04827 422.111 6.0923 422.012 5.95253 422.263 6.04827 422.111 5.36249 423.058 5.95253 422.263 5.36249 423.058 5.2062 423.232 5.2062 423.232 3.37515 425.201 
5
254.777 232.847 254.53 233.013 254.53 233.013 253.682 233.597 253.682 233.597 252.999 234.042 252.999 234.042 249.21 236.386 249.21 236.386 248.948 236.547 
4
46.3922 361.254 46.5203 360.126 46.3922 361.254 47.7196 365.384 46.5203 360.126 46.7256 359.141 46.7256 359.141 46.7949 358.839 
70
137.266 250.594 137.331 250.569 137.331 250.569 139.392 249.915 139.392 249.915 139.524 249.78 139.524 249.78 139.566 249.737 139.566 249.737 140.651 248.767 140.651 248.767 140.822 248.587 140.822 248.587 142.57 247.166 142.57 247.166 143.422 246.389 143.422 246.389 143.565 246.242 143.565 246.242 143.776 246.079 143.776 246.079 144.577 245.052 144.577 245.052 144.665 244.924 144.665 244.924 145.152 244.374 145.152 244.374 145.212 244.306 145.212 244.306 145.892 243.525 145.892 243.525 146.669 242.83 146.669 242.83 147.072 242.29 147.072 242.29 147.137 242.198 147.137 242.198 149.477 239.594 149.477 239.594 150.438 238.38 150.438 238.38 150.594 238.155 150.594 238.155 151.428 237.186 151.428 237.186 152.668 235.702 152.668 235.702 153.052 235.286 153.052 235.286 153.532 234.737 153.603 234.667 153.532 234.737 153.603 234.667 154.364 233.847 154.568 233.648 154.364 233.847 154.568 233.648 155.724 232.343 155.724 232.343 157.252 230.435 157.252 230.435 157.866 229.516 157.866 229.516 158.886 228.258 
12
245.183 116.669 245.514 114.633 245.514 114.633 245.6 112.778 245.6 112.778 245.461 110.377 245.461 110.377 245.395 109.63 245.395 109.63 244.825 108.178 244.825 108.178 244.266 106.745 
11
33.2268 170.544 31.6888 166.716 
8
257.528 157.204 257.821 155.996 257.821 155.996 257.9 155.506 
23
83.2506 256.079 85.0959 253.632 85.0959 253.632 85.9394 252.639 85.9394 252.639 86.0757 252.496 86.0757 252.496 86.8375 252.007 86.8375 252.007 86.8663 251.989 86.8663 251.989 87.5918 251.686 87.5918 251.686 88.7685 251.24 88.7685 251.24 90.2616 250.856 
10
210.355 223.693 210.086 223.522 210.355 223.693 211.476 224.407 211.476 224.407 213.675 225.404 213.675 225.404 216.777 226.381 216.777 226.381 218.641 226.904 210.086 223.522 209.455 223.066 209.455 223.066 208.714 222.46 208.714 222.46 208.309 222.107 208.309 222.107 207.712 221.326 
10
87.7248 346.436 87.7402 346.335 87.7248 346.436 87.6789 346.733 87.6789 346.733 87.8253 349.582 87.8253 349.582 94.7286 357.624 94.7286 357.624 100.805 362.138 100.805 362.138 101.896 362.937 101.896 362.937 105.288 364.915 105.288 364.915 105.737 365.167 
2
195.975 162.058 195.609 161.958 195.609 161.958 195.324 161.887 
13
266.487 356.685 267.206 357.285 267.206 357.285 268.175 358.013 268.175 358.013 269.476 358.901 269.476 358.901 269.632 358.994 269.632 358.994 271.062 359.764 271.062 359.764 276.379 362.368 276.379 362.368 278.895 363.79 278.895 363.79 284.098 366.483 284.098 366.483 285.851 367.364 285.851 367.364 292.711 370.712 
9
99.8744 252.353 99.4467 252.805 99.8744 252.353 100.4 251.655 100.4 251.655 100.891 250.907 99.4467 252.805 98.5556 253.661 98.5556 253.661 96.5918 254.932 96.5918 254.932 96.4237 255.039 
31
234.58 101.929 234.459 97.42 234.459 97.42 234.125 94.1937 234.125 94.1937 233.269 89.165 233.269 89.165 233.211 88.921 233.211 88.921 232.282 84.0595 232.282 84.0595 231.832 81.0787 231.832 81.0787 231.543 78.9883 231.543 78.9883 230.054 67.2325 230.054 67.2325 228.38 62.132 228.38 62.132 223.379 50.8313 223.379 50.8313 223.321 50.6991 223.321 50.6991 223.255 50.5507 
130
195.324 161.887 194.307 161.656 194.307 161.656 193.348 161.503 193.348 161.503 192.387 161.41 192.387 161.41 191.121 161.363 191.121 161.363 190.024 162.221 190.024 162.221 189.527 162.838 189.527 162.838 188.994 163.551 188.994 163.551 188.745 163.872 188.745 163.872 188.667 163.97 188.667 163.97 188.094 164.53 188.094 164.53 187.99 164.638 187.99 164.638 187.822 164.778 187.822 164.778 187.484 165.159 187.484 165.159 186.591 166.297 186.591 166.297 186.099 166.893 186.099 166.893 185.396 167.803 185.396 167.803 185.096 168.176 185.096 168.176 184.746 168.497 184.746 168.497 184.215 169.009 184.215 169.009 183.157 169.811 183.157 169.811 181.253 171.034 181.253 171.034 177.785 172.91 177.785 172.91 177.647 172.985 177.647 172.985 176.563 173.584 176.563 173.584 176.316 173.722 176.316 173.722 174.906 174.772 174.906 174.772 174.285 175.275 174.285 175.275 172.53 176.57 172.53 176.57 168.74 179.122 168.74 179.122 166.727 180.254 166.727 180.254 164.716 181.298 164.716 181.298 164.048 181.554 164.048 181.554 162.298 182.055 162.298 182.055 161.705 182.23 161.705 182.23 157.604 183.526 157.604 183.526 156.097 183.933 156.097 183.933 155.42 184.312 155.42 184.312 153.811 185.231 153.811 185.231 151.409 186.5 151.409 186.5 151.406 186.502 151.406 186.502 149.805 187.284 149.805 187.284 148.824 187.937 148.824 187.937 148.247 188.312 148.247 188.312 147.283 188.947 147.283 188.947 147.001 189.121 147.001 189.121 144.333 190.607 144.333 190.607 142.965 191.319 142.965 191.319 141.341 192.197 141.341 192.197 140.012 192.89 140.012 192.89 136.417 194.624 
3
261.586 235.157 262.085 235.921 262.085 235.921 262.837 237.231 262.837 237.231 264.364 240.794 
14
261.293 443.953 260.366 445.112 260.366 445.112 260.114 446.176 260.114 446.176 259.971 447.878 259.971 447.878 260.091 451.934 260.091 451.934 260.572 455.864 260.572 455.864 261.671 462.223 
8
198.785 155.815 198.46 155.348 198.46 155.348 198.32 155.212 198.32 155.212 197.387 154.103 197.387 154.103 195.466 151.244 195.466 151.244 192.928 148.422 
113
46.7949 358.839 47.1884 357.261 47.1884 357.261 47.354 356.671 47.354 356.671 47.6893 355.179 47.6893 355.179 47.9602 353.896 47.9602 353.896 47.9665 353.824 47.9665 353.824 47.9811 353.736 47.9811 353.736 48.3026 352.309 48.3026 352.309 48.891 350.001 48.891 350.001 49.2895 348.32 49.2895 348.32 49.3309 348.118 49.3309 348.118 49.7387 346.191 49.7387 346.191 49.8047 345.684 49.8047 345.684 50.0639 344.134 50.0639 344.134 50.2801 342.358 50.2801 342.358 50.3748 342.003 50.3748 342.003 50.705 340.595 50.705 340.595 51.0511 338.896 51.0511 338.896 51.3912 337.432 51.3912 337.432 51.5143 337.109 51.5143 337.109 52.3818 334.873 52.3818 334.873 53.0136 332.869 53.0136 332.869 53.7356 330.745 53.7356 330.745 54.066 329.874 54.066 329.874 54.4984 328.667 54.4984 328.667 54.99 326.601 54.99 326.601 55.089 326.092 55.089 326.092 55.5688 323.95 55.5688 323.95 55.7915 323.072 55.7915 323.072 56.2304 321.499 56.2304 321.499 56.6646 319.815 56.6646 319.815 56.6998 319.505 56.6998 319.505 56.7138 319.259 56.7138 319.259 56.9976 317.775 56.9976 317.775 57.5899 314.951 57.5899 314.951 57.9454 312.929 57.9454 312.929 58.9878 308.264 58.9878 308.264 59.0349 308.089 59.0349 308.089 60.3469 302.027 60.3469 302.027 60.5297 300.935 60.5297 300.935 60.6857 299.545 60.6857 299.545 60.7225 298.98 60.7225 298.98 60.8324 298.036 60.8324 298.036 61.1852 294.251 61.1852 294.251 61.0889 291.38 61.0889 291.38 60.9221 288.187 
33
100.891 250.907 101.489 250.106 101.489 250.106 102.536 248.861 102.536 248.861 103.226 247.953 103.226 247.953 103.351 247.772 103.351 247.772 103.421 247.697 103.421 247.697 103.925 247.127 103.925 247.127 104.67 246.232 104.67 246.232 105.442 245.364 105.442 245.364 105.536 245.266 105.536 245.266 106.931 243.64 106.931 243.64 107.503 242.909 107.503 242.909 107.691 242.137 107.691 242.137 107.848 241.385 107.848 241.385 108.134 240.128 108.134 240.128 108.493 236.263 108.493 236.263 108.844 233.619 108.844 233.619 108.855 233.555 108.855 233.555 109.033 232.415 
6
283.172 286.176 283.171 286.013 283.172 286.176 284.884 291.122 283.171 286.013 283.18 284.679 283.18 284.679 283.199 284.158 283.199 284.158 291.154 274.225 
31
192.211 176.254 192.329 176.136 192.211 176.254 191.342 177.305 191.342 177.305 190.065 179.148 190.065 179.148 189.669 179.772 189.669 179.772 189.475 180.106 189.475 180.106 188.143 181.863 188.029 182.084 188.143 181.863 187.533 182.756 188.029 182.084 192.329 176.136 192.752 175.721 192.752 175.721 193.318 175.107 193.318 175.107 193.714 174.631 193.714 174.631 193.741 174.598 193.741 174.598 194.383 174.047 194.383 174.047 194.88 173.484 194.88 173.484 195.043 173.303 195.043 173.303 195.391 172.928 195.391 172.928 195.818 172.574 
6
207.712 221.326 207.133 220.482 207.133 220.482 207.035 220.342 207.035 220.342 206.658 219.809 206.658 219.809 205.85 218.532 205.85 218.532 204.115 215.478 204.115 215.478 201.402 209.833 
4
185.956 185.098 187.533 182.756 185.956 185.098 185.166 187.975 185.166 187.975 185.07 188.854 185.07 188.854 185.019 191.138 
13
208.773 365.933 207.587 367.047 207.587 367.047 200.237 376.187 200.237 376.187 200.188 376.254 200.188 376.254 198.418 378.187 198.418 378.187 193.801 383.59 193.801 383.59 184.811 393.53 
5
199.575 170.956 198.843 171.563 199.575 170.956 200.571 169.873 198.579 171.701 198.843 171.563 198.579 171.701 195.818 172.574 
6
122.677 267.473 122.826 267.765 
118
141.317 258.574 139.238 258.896 141.317 258.574 142.397 258.203 142.397 258.203 144.865 257.18 145.326 256.899 144.865 257.18 145.575 256.752 145.326 256.899 145.575 256.752 146.246 256.403 146.246 256.403 147.793 255.673 148.403 255.462 147.793 255.673 148.403 255.462 150.424 254.421 150.424 254.421 152.384 253.125 152.384 253.125 154.113 252.198 154.113 252.198 155.701 251.173 155.701 251.173 157.04 249.977 157.04 249.977 157.506 249.58 157.601 249.485 157.506 249.58 157.601 249.485 159.203 248.127 159.203 248.127 161.444 245.992 161.444 245.992 162.872 244.804 162.872 244.804 168.339 240.841 168.339 240.841 169.382 240.144 169.382 240.144 170.19 239.52 170.19 239.52 172.227 237.994 172.227 237.994 173.121 237.294 173.121 237.294 173.176 237.242 173.176 237.242 174.13 236.282 174.13 236.282 174.725 235.636 174.725 235.636 175.525 234.892 175.525 234.892 175.732 234.645 175.732 234.645 179.682 230.893 180.74 230.04 179.682 230.893 180.803 229.986 180.74 230.04 181.48 229.486 180.803 229.986 181.48 229.486 182.06 229.057 182.07 229.049 182.06 229.057 182.07 229.049 182.57 228.615 182.57 228.615 182.602 228.588 183.21 227.913 182.602 228.588 186.449 224.488 183.21 227.913 186.814 224.09 186.449 224.488 186.814 224.09 187.115 223.744 187.575 223.057 187.115 223.744 187.575 223.057 187.873 222.61 187.975 222.48 187.873 222.61 187.975 222.48 188.209 222.182 188.389 221.913 188.209 222.182 188.389 221.913 188.996 221.006 188.996 221.006 189.171 220.799 189.171 220.799 189.47 220.449 189.47 220.449 190.621 218.961 190.621 218.961 191.183 218.156 191.183 218.156 194.111 214.793 194.111 214.793 194.493 214.536 194.493 214.536 194.824 214.318 194.824 214.318 196.513 213.096 196.513 213.096 196.774 212.889 196.774 212.889 200.072 210.647 200.072 210.647 200.199 210.573 200.199 210.573 201.402 209.833 139.238 258.896 135.694 259.046 
30
200.571 169.873 203.47 166.147 203.47 166.147 203.555 166.039 203.555 166.039 204.212 165.409 204.212 165.409 204.464 165.187 204.464 165.187 205.21 164.327 205.21 164.327 205.83 163.663 205.83 163.663 206.149 163.246 206.149 163.246 206.915 162.336 206.915 162.336 207.79 161.256 208.005 159.839 207.79 161.256 208.038 159.636 208.005 159.839 208.102 159.254 208.038 159.636 208.125 159.112 208.102 159.254 208.127 158.8 208.125 159.112 
79
118.122 253.464 117.314 254.092 118.122 253.464 119.916 251.424 119.916 251.424 120.025 251.261 120.025 251.261 120.237 251.036 120.348 250.941 120.237 251.036 120.348 250.941 121.35 249.952 121.35 249.952 121.433 249.855 121.433 249.855 122.332 248.777 122.332 248.777 123.06 247.805 117.314 254.092 115.741 255.188 115.741 255.188 113.748 256.984 113.748 256.984 113.408 257.372 113.408 257.372 112.988 257.83 112.988 257.83 112.148 258.703 112.148 258.703 110.621 260.104 110.621 260.104 109.057 261.375 109.057 261.375 108.919 261.489 108.919 261.489 107.95 265.228 107.95 265.228 107.875 265.711 107.875 265.711 107.644 266.957 107.644 266.957 107.302 267.726 107.302 267.726 106.935 268.269 106.935 268.269 106.123 269.196 106.123 269.196 105.079 270.242 105.079 270.242 104.497 270.848 104.497 270.848 104.475 270.867 104.475 270.867 104.06 271.245 104.06 271.245 103.894 271.4 103.894 271.4 102.291 272.719 102.291 272.719 100.807 273.797 100.807 273.797 98.8004 275.126 98.8004 275.126 97.8467 275.701 97.8467 275.701 93.8548 277.76 93.8548 277.76 90.9291 278.793 90.9291 278.793 90.286 278.955 90.286 278.955 87.3296 279.676 87.3296 279.676 86.5014 279.848 
7
96.4237 255.039 95.409 254.893 95.409 254.893 95.354 254.885 95.354 254.885 90.4099 251.043 90.4099 251.043 90.2616 250.856 
5
209.92 254.917 208.45 254.535 208.45 254.535 208.221 254.499 208.221 254.499 201.573 253.469 201.573 253.469 195.907 252.845 
39
249.645 442.94 248.604 443.547 249.645 442.94 250.742 442.092 250.742 442.092 251.66 440.92 251.66 440.92 251.661 440.918 251.661 440.918 252.282 439.59 252.282 439.59 252.697 438.289 252.697 438.289 253.288 436.762 253.288 436.762 253.693 435.871 248.604 443.547 248.091 443.732 248.046 443.758 248.091 443.732 246.945 444.307 248.046 443.758 246.945 444.307 244.914 444.924 244.914 444.924 241.424 445.018 241.424 445.018 241.124 444.985 241.124 444.985 240.623 445.002 240.623 445.002 237.475 445.424 237.475 445.424 236.743 445.655 236.743 445.655 234.752 446.138 234.752 446.138 232.779 446.482 232.779 446.482 231.264 446.676 231.264 446.676 230.778 446.68 230.778 446.68 229.658 446.675 229.658 446.675 227.778 446.573 227.778 446.573 227.735 446.569 227.735 446.569 226.833 446.371 
8
30.1274 188.81 28.0415 187.884 28.0415 187.884 26.2241 187.026 
8
188.859 191.949 185.019 191.138 188.859 191.949 190.115 192.214 190.115 192.214 190.819 192.387 190.819 192.387 200.224 195.022 200.224 195.022 204.859 196.607 
9
257.802 241.373 256.44 241.138 257.802 241.373 258.524 241.426 258.524 241.426 259.645 241.47 259.645 241.47 264.364 240.794 256.23 241.05 256.44 241.138 256.23 241.05 255.122 240.498 255.122 240.498 253.094 239.339 253.094 239.339 251.242 238.093 
10
284.884 291.122 285.615 292.196 285.615 292.196 286.52 293.397 286.52 293.397 289.069 296.484 289.069 296.484 294.07 301.282 294.07 301.282 294.715 301.794 294.715 301.794 297.013 304.49 297.013 304.49 299.861 307.552 
42
211.674 449.294 212.1 449.242 212.1 449.242 212.321 449.252 212.321 449.252 214.397 449.173 214.397 449.173 214.403 449.172 214.403 449.172 214.952 449.184 214.952 449.184 216.337 449.149 216.337 449.149 217.535 448.764 217.535 448.764 219.686 448.146 219.686 448.146 220.62 447.881 220.62 447.881 221.101 447.811 221.101 447.811 223.629 447.252 223.629 447.252 226.833 446.371 
19
260.798 165.16 261.81 165.904 261.81 165.904 270.246 170.521 270.246 170.521 271.219 170.947 271.219 170.947 271.633 171.152 271.633 171.152 276.916 174.047 276.916 174.047 277.696 174.598 
5
96.3281 347.957 97.557 349.455 97.557 349.455 98.5571 350.78 98.5571 350.78 101.43 355.038 101.43 355.038 105.737 365.167 
4
135.694 259.046 133.73 258.967 133.73 258.967 131.245 257.771 131.245 257.771 131.181 257.732 
27
92.4777 245.318 91.8455 246.854 91.8455 246.854 91.7043 247.278 91.7043 247.278 90.9812 248.908 
40
123.06 247.805 123.073 247.79 123.073 247.79 123.587 247.216 123.587 247.216 125.872 243.947 125.872 243.947 128.244 239.619 128.244 239.619 128.361 238.368 128.361 238.368 128.46 236.938 128.46 236.938 128.346 234.8 128.346 234.8 128.135 232.784 128.135 232.784 127.592 229.758 127.592 229.758 126.973 226.967 126.973 226.967 126.329 224.322 126.329 224.322 125.193 221.265 
5
208.22 156.218 208.278 155.824 208.22 156.218 208.123 157.79 208.123 157.79 208.127 158.8 208.278 155.824 208.683 153.346 208.683 153.346 210.503 147.984 
11
201.643 129.477 202.86 126.063 
7
182.825 193.586 185.019 191.138 182.825 193.586 181.805 195.41 181.805 195.41 181.303 196.519 181.303 196.519 181.106 197.1 
2
90.9812 248.908 90.5247 250.08 90.5247 250.08 90.2616 250.856 
87
181.106 197.1 180.379 198.862 180.379 198.862 179.833 200.16 179.833 200.16 179.577 200.82 179.577 200.82 179.34 201.66 179.34 201.66 179.281 201.866 179.281 201.866 179.171 202.044 178.183 203.041 179.171 202.044 178.183 203.041 177.209 204.024 177.209 204.024 176.357 205.045 176.357 205.045 175.943 205.632 175.943 205.632 175.714 206.017 175.714 206.017 175.642 206.141 175.642 206.141 175.07 207.442 175.07 207.442 174.979 207.7 174.979 207.7 173.683 209.819 173.683 209.819 173.582 209.929 173.547 209.973 173.582 209.929 173.516 210.012 173.547 209.973 173.516 210.012 173.127 210.499 173.127 210.499 173.013 210.643 172.859 210.888 173.013 210.643 172.859 210.888 172.729 211.093 172.457 211.464 172.729 211.093 172.457 211.464 172.294 211.686 172.065 212.049 172.294 211.686 172.065 212.049 171.974 212.196 170.751 213.561 171.974 212.196 170.342 214.049 170.751 213.561 169.21 215.203 170.342 214.049 167.761 216.74 169.21 215.203 163.282 222.087 167.761 216.74 162.471 222.987 163.282 222.087 162.241 223.223 162.471 222.987 162.07 223.403 162.241 223.223 162.07 223.403 161.904 223.581 
3
31.6888 166.716 31.5911 166.485 31.5911 166.485 26.8238 155.085 26.8238 155.085 26.7741 154.966 
6
253.693 435.871 254.242 434.515 254.242 434.515 255.809 430.136 255.809 430.136 256.043 429.282 
16
72.2039 95.892 98.1292 51.7173 72.2039 95.892 71.3797 97.2965 71.3797 97.2965 71.2396 97.6339 71.2396 97.6339 71.1929 97.7477 71.0639 98.6528 71.1929 97.7477 71.0586 98.7006 71.0639 98.6528 71.0586 98.7006 70.8184 100.865 70.8184 100.865 70.725 102.203 
4
298.179 151.826 299.736 154.448 299.736 154.448 299.747 154.466 299.747 154.466 302.689 162.821 
5
192.588 148.395 191.659 148.319 192.588 148.395 192.928 148.422 191.659 148.319 190.575 148.192 190.575 148.192 186.386 147.548 186.386 147.548 182.951 146.783 
2
251.242 238.093 251.209 238.068 251.209 238.068 248.948 236.547 
11
238.221 124.354 238.188 124.367 238.188 124.367 237.536 124.628 237.536 124.628 236.695 124.977 236.695 124.977 235.653 125.392 235.653 125.392 235.205 125.469 235.205 125.469 229.27 126.058 229.27 126.058 226.955 126.152 
9
159.015 228.131 158.886 228.258 159.015 228.131 160.535 226.37 160.535 226.37 161.284 225.002 161.284 225.002 161.904 223.581 
46
264.364 240.794 264.962 240.974 264.962 240.974 267.785 242.137 267.785 242.137 267.856 242.166 267.856 242.166 267.889 242.179 267.889 242.179 269.521 242.753 269.521 242.753 269.897 242.864 269.897 242.864 272.575 243.89 272.575 243.89 272.686 243.957 272.686 243.957 274.185 244.787 274.185 244.787 274.654 245.036 274.654 245.036 275.482 245.492 275.482 245.492 276.53 245.975 276.53 245.975 276.85 246.126 276.85 246.126 278.246 246.74 278.246 246.74 279.67 247.369 279.67 247.369 281.474 248.185 281.474 248.185 287.554 251.692 287.554 251.692 287.756 251.839 287.756 251.839 295.203 258.432 295.203 258.432 297.788 260.564 
6
172.629 337.423 171.435 339.195 172.629 337.423 174.825 327.964 174.825 327.964 160.784 296.53 171.435 339.195 170.275 340.682 170.275 340.682 170.155 340.835 
42
185.436 345.886 189.791 344.53 189.791 344.53 196.778 341.564 196.778 341.564 197.779 341.156 197.779 341.156 197.985 341.074 197.985 341.074 198.823 340.735 198.823 340.735 213.937 334.425 213.937 334.425 213.976 334.4 213.976 334.4 221.038 329.306 221.038 329.306 224.203 327.149 224.203 327.149 224.826 326.646 224.826 326.646 225.797 325.762 225.797 325.762 226.713 324.943 226.713 324.943 227 324.688 227 324.688 231.823 320.422 231.823 320.422 237.405 315.867 237.405 315.867 237.934 315.468 237.934 315.468 238.256 315.225 
21
246.837 159.396 244.4 162.629 244.4 162.629 239.294 167.407 239.294 167.407 238.5 167.993 238.5 167.993 235.664 170.143 
12
217.11 149.855 218.256 150.345 217.11 149.855 215.933 149.352 215.933 149.352 212.46 148.296 212.46 148.296 210.699 147.953 210.699 147.953 210.503 147.984 218.256 150.345 223.699 154.008 
34
260.499 223.716 261.586 221.33 261.586 221.33 261.763 220.981 261.763 220.981 263.194 219.321 263.194 219.321 264.368 218.011 264.368 218.011 266.757 216.034 266.757 216.034 267.84 215.191 267.84 215.191 268.214 214.897 268.214 214.897 273.365 210.821 273.365 210.821 273.826 210.38 273.826 210.38 274.15 210.069 274.15 210.069 274.554 209.586 274.554 209.586 275.558 208.614 275.558 208.614 280.545 204.151 280.545 204.151 281.662 203.222 281.662 203.222 283.187 201.646 
27
70.725 102.203 70.476 110.518 70.476 110.518 70.393 111.075 70.393 111.075 70.3652 111.267 70.3652 111.267 70.3536 112.696 70.3536 112.696 70.3866 114.165 70.3866 114.165 70.39 115.087 70.39 115.087 70.3292 119.165 70.3292 119.165 70.1524 120.994 70.1524 120.994 70.0271 123.224 70.0271 123.224 69.9983 124.953 69.9983 124.953 69.2098 131.307 69.2098 131.307 68.9863 134.177 68.9863 134.177 68.9467 135.384 68.9467 135.384 68.943 135.49 68.943 135.49 68.3722 151.353 68.3722 151.353 67.3389 159.408 67.3389 159.408 66.9881 164.311 66.9881 164.311 66.9831 164.613 
29
170.155 340.835 169.356 341.836 169.356 341.836 168.961 342.315 168.961 342.315 167.653 343.851 167.653 343.851 167.286 344.293 167.286 344.293 166.524 345.231 166.524 345.231 164.501 348.042 164.501 348.042 163.784 349.16 163.784 349.16 162.195 351.471 162.195 351.471 162.144 351.541 162.144 351.541 160.945 353.014 160.945 353.014 159.812 354.852 159.812 354.852 156.172 361.041 156.172 361.041 150.377 372.353 150.377 372.353 147.434 380.547 147.434 380.547 146.944 381.895 146.944 381.895 145.839 384.903 145.839 384.903 145.489 386.056 145.489 386.056 143.095 393.855 143.095 393.855 142.713 395.11 142.713 395.11 140.674 403.286 
41
202.367 232.928 202.278 233.327 202.278 233.327 201.907 235.174 201.907 235.174 201.875 235.302 201.875 235.302 199.883 240.728 199.883 240.728 198.702 244.239 198.702 244.239 198.556 244.589 198.556 244.589 197.191 248.451 197.191 248.451 197.096 248.769 197.096 248.769 196.49 250.621 196.49 250.621 195.907 252.845 
25
218.641 226.904 219.669 227.271 219.669 227.271 225.831 229.338 225.831 229.338 227.22 229.761 227.22 229.761 227.851 230.016 227.851 230.016 229.207 230.555 229.207 230.555 230.944 231.33 
22
311.081 42.1141 310.839 45.0491 311.081 42.1141 301.661 23.7823 301.661 23.7823 299.666 21.8405 310.839 45.0491 310.757 45.5502 310.757 45.5502 310.486 47.9424 310.486 47.9424 310.078 50.2394 310.078 50.2394 309.165 53.6597 309.165 53.6597 308.411 55.88 308.411 55.88 304.216 66.5028 304.216 66.5028 303.076 69.7589 303.076 69.7589 292.303 96.2816 292.303 96.2816 291.016 99.8378 291.016 99.8378 287.078 109.75 
2
26.2241 187.026 25.5151 187.406 25.5151 187.406 25.3681 187.48 
22
248.948 236.547 248.109 236.325 248.109 236.325 247.682 236.244 247.682 236.244 246.143 235.903 246.143 235.903 244.039 235.42 244.039 235.42 239.826 234.229 239.826 234.229 234.665 231.785 234.665 231.785 233.985 231.387 233.985 231.387 232.431 230.511 
8
25.3681 187.48 24.6053 187.889 24.6053 187.889 19.8186 190.589 19.8186 190.589 18.0707 191.639 18.0707 191.639 16.4079 193.501 16.4079 193.501 15.9266 194.078 
1
202.86 126.063 203.338 125.188 
24
253.053 135.119 253.397 134.956 253.397 134.956 253.518 134.898 253.518 134.898 254.498 134.45 254.498 134.45 256.568 133.555 256.568 133.555 257.537 133.119 257.537 133.119 262.336 130.875 262.336 130.875 265.053 129.673 
9
34.9076 203.546 33.3188 204.063 34.9076 203.546 35.7863 203.26 35.7863 203.26 37.4059 202.655 33.3188 204.063 32.7627 204.235 32.7627 204.235 26.667 205.233 26.667 205.233 21.1906 205.672 21.1906 205.672 18.016 205.697 
54
214.502 430.559 213.685 430.121 213.685 430.121 212.666 429.552 212.666 429.552 207.997 427.329 207.997 427.329 206.363 426.66 206.363 426.66 204.964 426.013 204.964 426.013 202.078 424.464 202.078 424.464 202.011 424.424 202.011 424.424 197.886 421.606 197.886 421.606 197.495 421.341 197.495 421.341 195.052 420.305 195.052 420.305 193.575 419.693 193.575 419.693 190.489 418.37 190.489 418.37 179.42 413.83 179.42 413.83 162.52 408.078 
21
237.668 195.451 237.606 196.687 237.668 195.451 237.703 194.767 237.703 194.767 237.711 194.59 237.711 194.59 237.745 193.778 237.606 196.687 237.58 197.783 237.58 197.783 237.59 201.463 237.59 201.463 237.737 205.19 237.737 205.19 237.755 206.259 237.755 206.259 237.688 206.948 237.688 206.948 236.981 213.287 236.981 213.287 236.921 213.888 236.921 213.888 236.735 216.011 236.735 216.011 236.483 218.039 236.483 218.039 235.624 220.813 235.624 220.813 234.943 222.696 234.943 222.696 234.458 224.128 234.458 224.128 232.663 229.796 232.663 229.796 232.431 230.511 
1
10.0473 10.0473 47.8275 47.8275 
17
223.699 154.008 224.663 154.921 224.663 154.921 225.964 156.246 225.964 156.246 226.057 156.403 226.057 156.403 226.125 156.583 226.125 156.583 226.555 157.737 226.555 157.737 226.724 158.176 226.724 158.176 227.551 159.863 227.551 159.863 228.26 161.189 228.26 161.189 228.367 161.388 228.367 161.388 232.488 168.959 
7
20.4275 167.566 18.1378 159.414 
3
237.745 193.778 238.071 190.887 238.071 190.887 238.447 188.835 238.447 188.835 239.151 185.953 
56
37.4059 202.655 37.8032 202.551 37.8032 202.551 40.17 201.909 40.8502 201.421 40.17 201.909 40.8502 201.421 41.2953 201.101 42.3528 199.962 41.2953 201.101 42.3528 199.962 43.3155 198.925 43.3155 198.925 43.9416 198.279 43.9416 198.279 46.4799 195.765 46.4799 195.765 46.9549 194.894 46.9549 194.894 47.6823 193.493 47.6823 193.493 48.8141 191.517 48.8141 191.517 48.8773 191.416 48.8773 191.416 50.0692 190.258 50.0692 190.258 50.9091 189.488 50.9091 189.488 53.2355 187.556 53.2355 187.556 55.1655 186.218 55.1655 186.218 59.3791 182.858 59.3791 182.858 60.8062 181.568 60.8062 181.568 61.8481 180.652 61.8481 180.652 62.2055 180.12 62.2055 180.12 64.4046 176.897 64.4046 176.897 66.3498 174.235 
61
203.338 125.188 205.417 123.757 205.417 123.757 205.754 123.527 205.754 123.527 209.821 120.788 209.821 120.788 209.848 120.779 209.848 120.779 210.815 120.469 210.815 120.469 213.584 119.812 213.584 119.812 213.693 119.77 213.693 119.77 214.105 119.684 214.105 119.684 216.788 119.225 216.788 119.225 219.007 119.486 219.073 119.539 219.007 119.486 220.771 120.841 219.073 119.539 221.624 121.461 220.771 120.841 224.445 123.681 221.624 121.461 225.542 124.51 224.445 123.681 226.042 125.099 225.542 124.51 226.955 126.152 226.042 125.099 
37
236.512 426.98 238.626 423.26 238.626 423.26 239.272 422.101 239.272 422.101 239.746 421.716 
12
216.525 194.177 211.789 196.57 211.789 196.57 211.4 196.805 211.4 196.805 210.786 197.17 210.786 197.17 209.046 198.188 209.046 198.188 207.313 199.166 
55
182.951 146.783 180.424 146.06 180.424 146.06 179.801 145.888 179.801 145.888 175.519 144.739 175.519 144.739 175.186 144.613 175.186 144.613 169.775 142.549 169.775 142.549 168.741 141.838 168.741 141.838 168.068 141.262 168.068 141.262 164.823 137.264 164.823 137.264 164.05 136.46 164.05 136.46 160.594 132.803 160.594 132.803 159.863 132.04 159.863 132.04 157.912 130.027 157.912 130.027 157.064 129.14 157.064 129.14 145.191 116.562 145.191 116.562 145.006 116.328 145.006 116.328 144.927 116.23 144.927 116.23 144.09 114.905 144.09 114.905 142.432 112.864 142.432 112.864 140.895 111.01 140.895 111.01 140.204 109.934 140.204 109.934 138.363 107.038 
25
215.042 468.223 210.568 467.798 215.042 468.223 215.326 468.221 215.326 468.221 229.358 468.052 229.358 468.052 232.122 467.859 232.122 467.859 237.143 467.217 237.143 467.217 238.726 466.965 238.726 466.965 252.652 464.31 252.652 464.31 253.031 464.236 253.031 464.236 257.5 463.328 257.5 463.328 260.698 462.518 260.698 462.518 261.671 462.223 210.568 467.798 203.229 466.404 203.229 466.404 196.473 464.251 196.473 464.251 191.679 461.946 191.679 461.946 181.283 454.931 181.283 454.931 179.206 453.156 179.206 453.156 166.712 439.971 166.712 439.971 164.765 437.525 164.765 437.525 147.814 411.864 
4
256.043 429.282 254.335 426.403 254.335 426.403 251.815 422.724 251.815 422.724 248.656 418.696 248.656 418.696 245.22 414.805 
25
204.014 188.817 205.129 193.666 205.129 193.666 205.5 194.916 205.5 194.916 205.994 196.696 205.994 196.696 206.044 197.004 
9
239.151 185.953 239.148 185.519 239.148 185.519 239.147 185.311 239.147 185.311 239.147 184.772 239.147 184.772 238.784 180.285 238.784 180.285 238.433 178.074 238.433 178.074 237.871 175.283 237.871 175.283 235.891 170.599 235.891 170.599 235.664 170.143 
10
291.154 274.225 291.304 274.03 291.304 274.03 293.531 271.406 293.531 271.406 294.291 270.585 294.291 270.585 295.287 269.477 295.287 269.477 298.662 265.611 298.662 265.611 298.704 265.562 
2
12.9999 307.746 33.9841 274.713 12.9999 307.746 18.3749 324.464 
11
41.6744 226.117 45.4562 233.892 45.4562 233.892 50.7587 243.425 
14
88.1516 271.718 87.01 277.229 87.01 277.229 86.5014 279.848 
1
264.694 138.701 265.053 129.673 
27
274.98 165.25 277.543 172.827 277.543 172.827 277.696 174.598 
25
267.174 338.236 263.035 335.966 263.035 335.966 262.592 335.593 262.592 335.593 261.055 334.346 261.055 334.346 256.845 331.047 256.845 331.047 250.498 326.442 250.498 326.442 247.182 323.788 247.182 323.788 238.256 315.225 
15
22.2998 321.529 21.905 321.845 
29
201.402 209.833 204.856 204.643 204.856 204.643 205.327 203.631 205.327 203.631 205.672 202.91 205.672 202.91 207.294 199.635 207.294 199.635 207.313 199.166 
2
21.905 321.845 18.9374 324.069 18.9374 324.069 18.3749 324.464 
13
63.3503 217.116 66.5366 227.822 
8
209.317 393.101 197.134 392.993 197.134 392.993 185.336 393.507 185.336 393.507 184.811 393.53 
3
109.033 232.415 110.811 219.829 110.811 219.829 111.633 214.742 111.633 214.742 112.049 212.428 
41
224.537 269.731 226.864 273.128 226.864 273.128 231.695 278.34 231.695 278.34 232.342 278.956 232.342 278.956 233.869 280.658 233.869 280.658 237.889 284.52 237.889 284.52 241.723 288.706 
2
15.9264 194.159 15.9266 194.078 15.9264 194.159 18.016 205.697 
2
239.746 421.716 241.326 419.625 241.326 419.625 245.22 414.805 
1
204.859 196.607 206.044 197.004 
6
302.689 162.821 302.587 163.051 302.587 163.051 300.718 167.215 300.718 167.215 296.223 175.082 296.223 175.082 295.535 176.074 295.535 176.074 287.041 186.114 287.041 186.114 286.508 186.648 
91
195.907 252.845 194.943 254.167 194.943 254.167 193.27 256.396 193.27 256.396 193.136 256.571 193.136 256.571 191.955 258.123 191.955 258.123 191.119 259.184 191.119 259.184 190.803 259.639 190.803 259.639 190.044 260.695 190.044 260.695 188.646 262.578 188.646 262.578 188.611 262.617 188.611 262.617 186.234 265.532 186.234 265.532 185.778 266.015 185.778 266.015 185.096 266.815 185.096 266.815 184.032 268.192 184.032 268.192 181.036 271.548 181.036 271.548 180.644 272.059 180.644 272.059 180.215 272.834 180.215 272.834 180.201 272.855 180.201 272.855 179.026 274.666 179.026 274.666 177.949 276.43 177.949 276.43 176.452 278.508 176.452 278.508 176.394 278.6 176.394 278.6 175.466 280.073 175.466 280.073 172.746 283.751 172.746 283.751 170.511 286.387 170.511 286.387 170.31 286.591 170.31 286.591 166.857 290.065 166.857 290.065 163.741 293.392 163.741 293.392 162.662 294.777 162.662 294.777 160.784 296.53 
2
264.591 462.344 261.671 462.223 264.591 462.344 279.148 459.344 
2
18.1378 159.414 18.6058 158.534 18.6058 158.534 23.328 151.334 
1
206.044 197.004 207.313 199.166 
4
232.488 168.959 232.609 169.003 232.609 169.003 234.072 169.539 234.072 169.539 234.583 169.729 234.583 169.729 235.664 170.143 
2
26.7741 154.966 24.0381 152.076 24.0381 152.076 23.328 151.334 
16
300.727 338.069 300.726 338.306 300.727 338.069 300.45 333.449 300.45 333.449 300.305 332.243 300.305 332.243 300.218 327.366 300.218 327.366 299.993 323.795 299.993 323.795 299.982 323.687 299.982 323.687 299.861 307.552 300.726 338.306 300.701 342.291 300.701 342.291 300.302 347.608 300.302 347.608 300.022 349.555 300.022 349.555 298.811 355.17 298.811 355.17 297.78 358.759 297.78 358.759 294.203 367.767 294.203 367.767 292.711 370.712 
21
46.7367 408.446 46.1738 410.389 46.1738 410.389 46.0164 410.945 46.0164 410.945 45.7114 412.492 45.7114 412.492 45.064 416.468 45.064 416.468 44.3544 423.253 44.3544 423.253 44.4242 427.324 44.4242 427.324 44.5545 430.757 44.5545 430.757 45.2409 436.513 45.2409 436.513 45.6692 439.708 45.6692 439.708 45.8818 440.742 
3
265.053 129.673 265.396 129.116 265.396 129.116 265.822 128.517 
1
230.944 231.33 232.431 230.511 
15
299.666 21.8405 298.723 21.8536 298.723 21.8536 286.925 23.7281 286.925 23.7281 280.74 25.8408 280.74 25.8408 269.433 30.5463 269.433 30.5463 265.276 32.4512 265.276 32.4512 237.354 44.2778 237.354 44.2778 232.026 46.73 232.026 46.73 223.255 50.5507 
20
265.822 128.517 266.541 127.525 266.541 127.525 268.921 124.914 268.921 124.914 272.855 121.069 272.855 121.069 273.957 120.104 273.957 120.104 278.295 115.889 278.295 115.889 281.599 112.348 281.599 112.348 282.242 112.031 282.242 112.031 286.266 110.077 286.266 110.077 287.078 109.75 
5
279.148 459.344 290.196 453.497 290.196 453.497 292.159 452.159 
41
245.984 390.504 246.297 393.001 245.984 390.504 245.729 388.47 245.729 388.47 245.582 387.41 245.582 387.41 245.266 385.321 245.266 385.321 244.777 382.655 244.777 382.655 244.403 380.923 244.403 380.923 244.122 380.068 244.122 380.068 243.751 378.882 246.297 393.001 246.404 393.942 246.404 393.942 246.403 394.123 246.403 394.123 246.372 397.087 246.372 397.087 246.332 398.535 246.332 398.535 246.156 402.471 246.156 402.471 245.616 407.762 245.616 407.762 245.336 408.318 245.288 410.471 245.336 408.318 245.287 411.42 245.288 410.471 245.274 412.498 245.287 411.42 245.22 414.805 245.274 412.498 
8
86.5014 279.848 85.7398 280.326 85.7398 280.326 85.4859 280.461 85.4859 280.461 84.2667 281.087 84.2667 281.087 82.5718 281.924 82.5718 281.924 66.4097 287.139 66.4097 287.139 60.9221 288.187 
4
298.704 265.562 298.457 264.143 298.457 264.143 298.052 262.022 298.052 262.022 297.788 260.564 
36
79.1719 220.766 81.1002 219.771 79.1719 220.766 75.0411 222.898 75.0411 222.898 72.0272 224.599 72.0272 224.599 70.1996 225.72 70.1996 225.72 66.5366 227.822 81.1002 219.771 82.5611 219.051 82.5611 219.051 85.1733 217.785 85.1733 217.785 87.5972 216.705 87.5972 216.705 91.0971 216.008 91.0971 216.008 92.0955 215.848 92.0955 215.848 94.0525 215.494 94.0525 215.494 99.4773 214.398 99.4773 214.398 101.804 213.878 101.804 213.878 107.026 212.604 107.026 212.604 112.049 212.428 
3
66.9831 164.613 66.3104 172.83 66.3104 172.83 66.3674 173.957 
6
277.696 174.598 278.645 176.333 278.645 176.333 281.299 179.971 281.299 179.971 286.062 186.073 286.062 186.073 286.508 186.648 
8
122.858 185.375 123.785 194.694 
67
252.3 269.654 251.961 271.13 251.961 271.13 251.7 271.697 251.7 271.697 250.413 274.348 250.413 274.348 248.538 278.329 248.538 278.329 248.529 278.342 248.529 278.342 248.116 278.977 248.116 278.977 245.465 283.133 245.465 283.133 243.186 286.595 243.186 286.595 241.723 288.706 
18
23.328 151.334 27.2029 123.658 27.2029 123.658 29.7658 104.919 29.7658 104.919 30.0489 102.056 30.0489 102.056 30.97 95.9282 30.97 95.9282 32.3369 89.1551 32.3369 89.1551 32.4995 87.7738 32.4995 87.7738 32.6179 86.8528 32.6179 86.8528 33.1126 83.6321 33.1126 83.6321 47.8275 47.8275 
25
105.737 365.167 108.548 368.492 108.548 368.492 111.642 372.353 111.642 372.353 112.508 373.45 112.508 373.45 113.741 374.821 113.741 374.821 119.214 381.019 119.214 381.019 121.785 383.335 121.785 383.335 122.334 383.818 122.334 383.818 124.767 386.441 124.767 386.441 128.671 390.762 128.671 390.762 135.041 397.469 135.041 397.469 135.773 398.291 135.773 398.291 137.414 400.111 137.414 400.111 140.674 403.286 
1
125.193 221.265 116.948 210.298 
1
66.3674 173.957 66.3498 174.235 
33
294.734 407.069 294.725 408.015 294.734 407.069 294.454 401.756 294.454 401.756 293.722 394.792 293.722 394.792 293.658 390.3 293.658 390.3 293.262 384.554 293.262 384.554 293.228 384.279 293.228 384.279 293.137 377.344 293.137 377.344 292.766 371.692 292.766 371.692 292.72 371.299 292.72 371.299 292.711 370.712 294.725 408.015 294.632 412.983 294.632 412.983 293.841 421.036 293.841 421.036 293.664 422.034 294.138 428.627 293.664 422.034 294.178 433.632 294.138 428.627 294.18 434.05 294.178 433.632 294.18 434.05 293.709 441.027 293.709 441.027 293.666 441.34 293.666 441.34 293.567 442.757 293.567 442.757 292.756 449.005 292.756 449.005 292.159 452.159 
30
66.5366 227.822 65.9561 228.405 65.9561 228.405 65.4587 228.758 65.4587 228.758 64.4525 229.629 63.7823 230.351 64.4525 229.629 63.7823 230.351 61.7633 232.525 61.7633 232.525 59.9014 234.431 59.9014 234.431 56.4602 237.782 56.4602 237.782 55.7427 238.493 55.7427 238.493 53.9219 240.327 53.9219 240.327 53.1802 241.062 53.1802 241.062 50.7587 243.425 
9
136.417 194.624 129.893 195.697 129.893 195.697 128.685 195.906 128.685 195.906 128.484 195.972 128.484 195.972 125.23 197.053 
19
50.7587 243.425 49.2214 246.171 49.2214 246.171 48.4449 247.523 48.4449 247.523 46.4296 250.941 46.4296 250.941 43.946 255.505 43.946 255.505 41.6091 260.164 41.6091 260.164 41.1564 261.054 41.1564 261.054 40.8298 261.688 40.8298 261.688 40.3453 263.397 
1
123.785 194.694 125.23 197.053 
1
112.049 212.428 116.948 210.298 
2
121.139 203.595 125.23 197.053 121.139 203.595 116.948 210.298 
6
33.3235 446.676 34.5473 446.117 34.5473 446.117 38.1953 444.331 38.1953 444.331 41.8369 442.693 41.8369 442.693 45.8818 440.742 
5
286.508 186.648 286.506 186.66 286.506 186.66 285.273 196.06 285.273 196.06 285.076 197.981 285.076 197.981 284.769 200.532 
4
33.9841 274.713 41.0204 269.139 
1
283.187 201.646 284.769 200.532 
12
57.156 284.537 57.7405 285.098 57.156 284.537 56.5387 283.958 56.5387 283.958 51.8567 279.622 51.8567 279.622 50.9552 278.772 50.9552 278.772 44.6792 272.76 44.6792 272.76 43.9639 272.082 43.9639 272.082 43.3571 271.47 43.3571 271.47 41.0204 269.139 57.7405 285.098 60.9221 288.187 
4
148.202 300.61 149.493 300.215 149.493 300.215 153.312 298.598 
2
66.2478 443.59 45.8818 440.742 66.2478 443.59 97.0262 437.086 
3
156.166 297.761 156.772 297.597 156.166 297.761 153.385 298.584 156.772 297.597 160.784 296.53 
6
153.312 298.598 153.385 298.584 
36
241.723 288.706 241.644 289.338 241.644 289.338 241.583 290.085 241.583 290.085 241.56 290.896 241.56 290.896 241.336 292.903 241.336 292.903 240.289 301.882 240.289 301.882 239.873 304.621 239.873 304.621 239.327 308.248 239.327 308.248 238.61 312.377 238.61 312.377 238.256 315.225 
6
184.811 393.53 182.363 394.851 182.363 394.851 174.934 399.625 174.934 399.625 172.178 401.531 172.178 401.531 170.865 402.43 170.865 402.43 162.52 408.078 
1
40.3453 263.397 41.0204 269.139 
26
97.0262 437.086 106.615 433.701 106.615 433.701 107.989 433.132 107.989 433.132 127.058 422.973 127.058 422.973 130.197 420.927 130.197 420.927 143.942 410.828 
2
66.0354 46.1359 98.1292 51.7173 66.0354 46.1359 57.7162 46.5109 
2
57.7162 46.5109 56.6925 46.6032 56.6925 46.6032 47.8275 47.8275 
20
223.255 50.5507 211.392 50.6322 211.392 50.6322 188.86 53.3732 188.86 53.3732 182.926 54.7765 182.926 54.7765 179.882 55.6916 179.882 55.6916 175.806 56.8524 175.806 56.8524 173.847 57.4292 173.847 57.4292 171.573 58.1212 171.573 58.1212 159.147 62.6609 159.147 62.6609 155.614 64.1678 155.614 64.1678 152.263 65.7931 152.263 65.7931 148.475 67.5652 148.475 67.5652 141.288 71.1742 141.288 71.1742 140.655 71.5078 
1
98.1292 51.7173 116.747 57.155 
8
138.363 107.038 138.327 103.484 138.327 103.484 138.351 99.6322 138.351 99.6322 138.58 96.3758 138.58 96.3758 138.707 94.3154 138.707 94.3154 139.054 87.7797 139.054 87.7797 139.948 77.8432 
4
116.747 57.155 125.001 61.8889 125.001 61.8889 128.846 64.183 128.846 64.183 139.572 70.8308 139.572 70.8308 140.655 71.5078 
5
162.52 408.078 160.584 408.533 160.584 408.533 157.926 409.183 157.926 409.183 155.203 409.874 155.203 409.874 152.24 410.655 152.24 410.655 147.814 411.864 
2
140.674 403.286 141.331 404.82 141.331 404.82 143.942 410.828 
5
139.948 77.8432 140.324 74.8478 140.324 74.8478 140.655 71.5078 
1
147.814 411.864 143.942 410.828 
