6
0.018369 423.107 0 423.107 0 423.077 0.0302422 423.077 0.036738 423.107 0.018369 423.107
6
0.018369 423.107 0 423.107 0 423.153 0.0467877 423.153 0.036738 423.107 0.018369 423.107
6
0.043741 174.664 0 174.664 0 174.511 0.177309 174.511 0.087482 174.664 0.043741 174.664
6
0.043741 174.664 0 174.664 0 174.714 0.0580653 174.714 0.087482 174.664 0.043741 174.664
6
5.22655 0.0455805 5.22655 0 5.35692 0 5.35692 0.138795 5.22655 0.091161 5.22655 0.0455805
6
5.22655 0.0455805 5.22655 0 5.1628 0 5.1628 0.0678686 5.22655 0.091161 5.22655 0.0455805
6
0.0535995 433.209 0 433.209 0 433.132 0.0812322 433.132 0.107199 433.209 0.0535995 433.209
6
0.0535995 433.209 0 433.209 0 433.358 0.157567 433.358 0.107199 433.209 0.0535995 433.209
6
0.0667215 4.23859 0 4.23859 0 4.15303 0.0941532 4.15303 0.133443 4.23859 0.0667215 4.23859
6
0.0667215 4.23859 0 4.23859 0 4.4467 0.229007 4.4467 0.133443 4.23859 0.0667215 4.23859
6
130.791 0.0769115 130.791 0 130.908 0 130.908 0.121735 130.791 0.153823 130.791 0.0769115
6
130.791 0.0769115 130.791 0 130.59 0 130.59 0.208882 130.791 0.153823 130.791 0.0769115
6
0.484913 240.473 0 240.473 0 239.624 0.856877 239.624 0.969827 240.473 0.484913 240.473
6
0.484913 240.473 0 240.473 0 241.58 1.11708 241.58 0.969827 240.473 0.484913 240.473
6
319.501 242.341 320 242.341 320 243.364 318.976 243.364 319.003 242.341 319.501 242.341
6
319.501 242.341 320 242.341 320 241.37 319.028 241.37 319.003 242.341 319.501 242.341
6
319.501 286.471 320 286.471 320 287.467 319.004 287.467 319.002 286.471 319.501 286.471
6
319.501 286.471 320 286.471 320 285.471 319 285.471 319.002 286.471 319.501 286.471
6
319.501 145.986 320 145.986 320 146.677 319.262 146.677 319.002 145.986 319.501 145.986
6
319.501 145.986 320 145.986 320 144.544 318.459 144.544 319.002 145.986 319.501 145.986
6
319.5 1.49699 320 1.49699 320 2.4965 319 2.4965 319 1.49699 319.5 1.49699
6
319.5 1.49699 320 1.49699 320 0.766678 319.233 0.766678 319 1.49699 319.5 1.49699
6
201.112 134.853 201.157 135.513 201.725 135.474 201.479 131.89 200.752 135.408 201.112 134.853
6
319 0.748495 319 0 319.233 0 319.233 0.766678 319 1.49699 319 0.748495
5
248.433 194.499 247.78 194.976 248.877 195.107 249.086 194.022 248.433 194.499
5
248.433 194.499 249.086 194.022 245.206 190.081 247.78 194.976 248.433 194.499
6
263.314 155.073 263.906 155.726 262.144 157.324 260.474 155.482 262.722 154.421 263.314 155.073
6
263.314 155.073 263.906 155.726 264.085 155.563 263.482 154.898 262.722 154.421 263.314 155.073
6
243.099 117.555 242.213 117.654 242.141 117.01 245.183 116.669 242.579 118.279 243.099 117.555
5
263.482 154.898 264.085 155.563 263.663 154.682 262.722 154.421 263.482 154.898
6
263.663 154.682 264.085 155.563 264.873 155.186 264.178 153.734 262.722 154.421 263.663 154.682
5
90.1015 166.672 89.2323 166.044 89.7377 167.175 90.9707 167.299 90.1015 166.672
5
90.1015 166.672 90.9707 167.299 90.4107 166.243 89.2323 166.044 90.1015 166.672
5
66.2312 93.349 65.1628 93.1098 66.4488 93.5756 66.0354 92.2718 66.2312 93.349
6
248.877 195.107 247.78 194.976 247.698 195.665 249.638 195.896 249.086 194.022 248.877 195.107
5
265.695 444.934 264.591 444.688 279.148 459.344 265.525 443.816 265.695 444.934
6
196.318 165.756 197.332 166.307 196.722 167.432 195.395 166.712 195.304 165.206 196.318 165.756
6
196.318 165.756 197.332 166.307 198.804 163.593 195.975 162.058 195.304 165.206 196.318 165.756
6
213.22 220.934 212.995 219.791 213.561 219.68 213.943 221.623 212.058 221.017 213.22 220.934
6
189.874 185.759 190.928 186.288 191.052 186.04 189.524 185.273 189.918 186.937 189.874 185.759
6
90.4107 166.243 90.9707 167.299 91.071 167.246 90.4832 166.138 89.2323 166.044 90.4107 166.243
6
199.544 135.451 198.335 135.495 198.32 135.063 199.567 135.018 200.752 135.408 199.544 135.451
6
199.544 135.451 198.335 135.495 198.381 136.752 199.916 136.697 200.752 135.408 199.544 135.451
6
89.7377 167.175 90.9707 167.299 90.4906 172.088 80.2683 171.063 89.2323 166.044 89.7377 167.175
5
199.567 135.018 200.752 135.408 199.663 134.34 198.32 135.063 199.567 135.018
6
248.67 192.842 249.817 193.342 250.274 192.294 245.206 190.081 249.086 194.022 248.67 192.842
6
215.576 254.944 216.391 255.931 213.476 258.339 210.882 255.199 214.761 253.957 215.576 254.944
6
215.576 254.944 216.391 255.931 216.913 255.5 216.041 254.444 214.761 253.957 215.576 254.944
6
212.986 363.573 212.899 362.252 213.006 362.245 213.093 363.568 213.073 364.894 212.986 363.573
6
212.986 363.573 212.899 362.252 212.034 362.309 212.13 363.772 213.073 364.894 212.986 363.573
5
213.093 363.568 213.073 364.894 213.419 363.56 213.006 362.245 213.093 363.568
6
66.4488 93.5756 65.1628 93.1098 64.8736 93.9083 68.4126 95.1901 66.0354 92.2718 66.4488 93.5756
5
216.041 254.444 216.913 255.5 216.66 253.58 214.761 253.957 216.041 254.444
6
195.296 166.581 193.983 166.172 193.955 166.263 195.395 166.712 195.304 165.206 195.296 166.581
6
213.419 363.56 213.006 362.245 214.708 361.711 215.461 364.109 213.073 364.894 213.419 363.56
6
203.234 175.538 202.27 174.492 202.708 174.088 203.715 175.179 204.199 176.583 203.234 175.538
6
203.234 175.538 202.27 174.492 201.415 175.281 202.541 176.501 204.199 176.583 203.234 175.538
5
257.083 230.896 258.277 231.707 257.556 230.2 255.889 230.086 257.083 230.896
5
257.083 230.896 255.889 230.086 256.92 231.136 258.277 231.707 257.083 230.896
6
199.321 159.832 200.655 160.426 200.056 161.77 198.383 161.024 197.987 159.237 199.321 159.832
6
199.321 159.832 200.655 160.426 201.977 157.459 198.993 156.129 197.987 159.237 199.321 159.832
6
195.176 167.268 193.777 166.832 193.863 166.559 195.274 166.999 196.574 167.704 195.176 167.268
6
195.176 167.268 193.777 166.832 193.774 166.843 195.172 167.279 196.574 167.704 195.176 167.268
5
195.172 167.279 193.774 166.843 194.947 168.011 196.574 167.704 195.172 167.279
5
212.13 363.772 212.034 362.309 211.506 364.023 213.073 364.894 212.13 363.772
6
256.92 231.136 258.277 231.707 257.752 232.955 255.846 232.153 255.889 230.086 256.92 231.136
6
199.663 134.34 198.32 135.063 197.785 134.069 200.144 132.8 200.752 135.408 199.663 134.34
6
262.956 355.543 262.642 354.043 264.902 353.571 265.394 355.922 263.269 357.044 262.956 355.543
6
262.956 355.543 262.642 354.043 259.913 354.613 260.486 357.354 263.269 357.044 262.956 355.543
6
84.8652 326.732 86.3648 326.388 86.6253 327.525 84.9104 327.918 83.3655 327.076 84.8652 326.732
6
84.8652 326.732 86.3648 326.388 86.0566 325.044 84.2556 325.457 83.3655 327.076 84.8652 326.732
5
152.861 221.397 152.022 220.015 152.811 221.427 153.7 222.779 152.861 221.397
5
152.861 221.397 153.7 222.779 153.002 221.312 152.022 220.015 152.861 221.397
6
153.002 221.312 152.022 220.015 152.909 219.345 154.072 220.885 153.7 222.779 153.002 221.312
6
194.947 168.011 193.774 166.843 193.558 167.06 194.858 168.355 196.574 167.704 194.947 168.011
5
202.541 176.501 201.415 175.281 202.293 177.031 204.199 176.583 202.541 176.501
6
257.556 230.2 258.277 231.707 258.814 231.45 257.912 229.566 255.889 230.086 257.556 230.2
5
189.524 185.273 191.052 186.04 187.533 182.756 189.918 186.937 189.524 185.273
5
225.049 432.773 223.789 433.961 225.136 432.865 226.31 431.585 225.049 432.773
5
225.049 432.773 226.31 431.585 224.749 432.454 223.789 433.961 225.049 432.773
6
225.136 432.865 226.31 431.585 226.58 431.832 225.375 433.146 223.789 433.961 225.136 432.865
6
259.088 439.123 259.033 440.871 258.803 440.864 258.875 438.581 260.395 440.286 259.088 439.123
6
84.9104 327.918 86.6444 328.215 86.4935 329.095 84.4988 328.753 83.3655 327.076 84.9104 327.918
6
225.458 433.356 227.128 432.752 227.145 432.799 225.475 433.404 223.789 433.961 225.458 433.356
6
225.458 433.356 227.128 432.752 227.051 432.539 225.375 433.146 223.789 433.961 225.458 433.356
5
225.475 433.404 223.789 433.961 225.689 434.021 227.145 432.799 225.475 433.404
6
224.749 432.454 226.31 431.585 226.079 431.171 224.384 432.114 223.789 433.961 224.749 432.454
6
211.506 364.023 212.034 362.309 210.076 361.705 208.773 365.933 213.073 364.894 211.506 364.023
6
198.383 161.024 199.81 162.172 199.243 162.877 197.471 161.452 197.987 159.237 198.383 161.024
6
194.858 168.355 193.229 167.51 192.982 167.987 194.866 168.964 196.574 167.704 194.858 168.355
5
84.2556 325.457 86.0566 325.044 83.0402 323.847 83.3655 327.076 84.2556 325.457
5
257.229 160.536 258.995 159.997 257.22 160.509 255.462 161.076 257.229 160.536
5
257.229 160.536 255.462 161.076 257.413 161.141 258.995 159.997 257.229 160.536
6
257.22 160.509 255.462 161.076 254.525 158.173 257.528 157.204 258.995 159.997 257.22 160.509
6
193.701 132.565 191.834 133.01 191.624 132.127 193.595 131.656 195.568 132.119 193.701 132.565
6
193.701 132.565 191.834 133.01 191.874 133.175 193.744 132.728 195.568 132.119 193.701 132.565
6
154.072 220.885 153.533 219.032 153.893 218.927 154.463 220.886 153.7 222.779 154.072 220.885
6
258.356 158.167 260.026 159.152 260.082 159.056 258.139 157.91 258.995 159.997 258.356 158.167
6
224.384 432.114 225.875 430.873 225.068 429.904 223.126 431.522 223.789 433.961 224.384 432.114
6
257.413 161.141 255.462 161.076 255.332 164.978 260.798 165.16 258.995 159.997 257.413 161.141
6
249.638 195.896 247.715 196.245 247.734 196.349 249.777 195.979 249.086 194.022 249.638 195.896
6
120.131 262.467 118.257 261.906 118.889 259.797 121.356 260.536 122.005 263.028 120.131 262.467
6
120.131 262.467 118.257 261.906 117.802 263.425 119.984 264.079 122.005 263.028 120.131 262.467
6
202.293 177.031 201.415 175.281 198.015 176.986 201.584 184.102 204.199 176.583 202.293 177.031
5
213.943 221.623 212.058 221.017 218.641 226.904 213.561 219.68 213.943 221.623
6
193.595 131.656 191.569 131.714 191.506 129.509 194.429 129.426 195.568 132.119 193.595 131.656
5
154.463 220.886 153.7 222.779 155.079 220.917 153.893 218.927 154.463 220.886
5
255.846 232.153 255.889 230.086 254.777 232.847 257.752 232.955 255.846 232.153
5
257.912 229.566 258.814 231.45 259.298 226.593 255.889 230.086 257.912 229.566
6
119.717 245.953 117.621 245.652 117.61 245.728 119.9 246.057 118.405 244.291 119.717 245.953
5
194.866 168.964 192.982 167.987 194.919 169.63 196.574 167.704 194.866 168.964
6
256.691 228.093 254.835 229.175 254.829 229.164 256.717 228.064 255.889 230.086 256.691 228.093
5
256.717 228.064 255.889 230.086 260.499 223.716 254.829 229.164 256.717 228.064
6
50.9723 362.823 53.0369 363.554 51.8684 366.853 47.7196 365.384 49.3872 361.311 50.9723 362.823
6
292.212 146.396 292.671 144.214 293.996 144.492 293.495 146.875 291.754 148.578 292.212 146.396
6
292.212 146.396 292.671 144.214 289.319 143.51 288.59 146.979 291.754 148.578 292.212 146.396
5
258.139 157.91 260.082 159.056 257.528 157.204 258.995 159.997 258.139 157.91
5
244.689 119.128 242.579 118.279 244.541 119.495 246.799 119.977 244.689 119.128
5
244.689 119.128 246.799 119.977 244.729 119.029 242.579 118.279 244.689 119.128
6
244.729 119.029 246.799 119.977 247.195 119.112 244.994 118.104 242.579 118.279 244.729 119.029
6
119.984 264.079 117.743 264.483 118.203 267.033 121.573 266.425 122.005 263.028 119.984 264.079
5
258.875 438.581 260.395 440.286 255.809 430.136 258.803 440.864 258.875 438.581
6
244.541 119.495 246.799 119.977 245.533 125.914 238.221 124.354 242.579 118.279 244.541 119.495
5
119.9 246.057 117.61 245.728 123.06 247.805 118.405 244.291 119.9 246.057
6
155.079 220.917 153.893 218.927 154.869 218.345 156.545 221.158 153.7 222.779 155.079 220.917
6
244.38 436.744 243.677 438.954 242.019 438.426 243.213 434.673 246.688 436.528 244.38 436.744
6
68.5685 407.029 67.6559 404.89 67.7762 404.839 68.7635 407.153 66.2478 407.18 68.5685 407.029
5
215.371 364.339 213.871 366.166 215.592 364.2 213.073 364.894 215.371 364.339
6
265.394 355.922 265.229 353.526 266.265 353.454 266.487 356.685 263.269 357.044 265.394 355.922
5
244.994 118.104 247.195 119.112 245.194 116.993 242.579 118.279 244.994 118.104
6
130.521 267.122 130.96 264.737 134.003 265.297 133.385 268.652 130.082 269.507 130.521 267.122
6
130.521 267.122 130.96 264.737 130.055 264.57 129.6 267.041 130.082 269.507 130.521 267.122
5
293.495 146.875 291.754 148.578 293.914 147.105 293.996 144.492 293.495 146.875
5
197.918 131.334 196.666 133.472 198.989 130.465 195.568 132.119 197.918 131.334
6
129.6 267.041 129.935 264.551 129.426 264.482 129.076 267.083 130.082 269.507 129.6 267.041
6
215.461 364.109 215.305 361.6 215.43 361.592 215.592 364.2 213.073 364.894 215.461 364.109
5
68.7635 407.153 66.2478 407.18 72.0718 409.313 67.7762 404.839 68.7635 407.153
6
155.087 224.887 152.967 223.517 152.551 224.162 158.886 228.258 153.7 222.779 155.087 224.887
5
223.126 431.522 225.068 429.904 222.207 431.232 223.789 433.961 223.126 431.522
6
149.918 223.569 152.045 224.944 151.306 226.087 148.581 224.325 149.199 221.14 149.918 223.569
6
194.919 169.63 192.982 167.987 192.405 168.667 195.136 170.984 196.574 167.704 194.919 169.63
5
135.401 251.38 136.714 253.56 135.405 251.378 134.087 249.2 135.401 251.38
5
135.401 251.38 134.087 249.2 134.872 251.698 136.714 253.56 135.401 251.38
6
135.405 251.378 134.087 249.2 134.92 248.696 136.287 250.955 136.714 253.56 135.405 251.378
6
39.5158 171.535 42.0322 172.07 41.7898 173.21 39.1444 172.647 36.9995 171 39.5158 171.535
6
39.5158 171.535 42.0322 172.07 43.0989 167.054 38.0827 165.987 36.9995 171 39.5158 171.535
6
121.356 260.536 119.672 258.587 119.773 258.5 121.479 260.473 122.005 263.028 121.356 260.536
6
276.578 148.696 277.091 151.248 276.307 151.406 275.782 148.793 276.065 146.143 276.578 148.696
6
276.578 148.696 277.091 151.248 277.936 151.079 277.409 148.456 276.065 146.143 276.578 148.696
6
293.914 147.105 293.996 144.492 298.404 144.63 298.179 151.826 291.754 148.578 293.914 147.105
6
134.872 251.698 134.087 249.2 129.783 250.553 131.513 256.057 136.714 253.56 134.872 251.698
5
136.287 250.955 136.714 253.56 137.266 250.594 134.92 248.696 136.287 250.955
6
275.782 148.793 275.594 151.452 274.276 151.358 274.477 148.513 276.065 146.143 275.782 148.793
6
195.856 140.939 198.527 140.844 198.53 140.923 195.858 141.019 193.185 141.035 195.856 140.939
6
195.856 140.939 198.527 140.844 198.481 139.548 195.652 139.649 193.185 141.035 195.856 140.939
5
195.858 141.019 193.185 141.035 195.872 141.655 198.53 140.923 195.858 141.019
5
200.144 132.8 200.752 135.408 201.643 129.477 197.785 134.069 200.144 132.8
6
195.872 141.655 198.53 140.923 200.054 146.46 192.928 148.422 193.185 141.035 195.872 141.655
5
262.588 442.061 260.395 440.286 262.504 442.164 264.781 443.835 262.588 442.061
5
262.588 442.061 264.781 443.835 263.295 441.187 260.395 440.286 262.588 442.061
6
274.477 148.513 273.737 151.268 272.003 150.802 272.895 147.48 276.065 146.143 274.477 148.513
6
245.194 116.993 247.839 118.218 247.96 117.956 245.183 116.669 242.579 118.279 245.194 116.993
6
81.7299 324.656 79.7069 322.549 80.7927 321.506 83.0402 323.847 83.3655 327.076 81.7299 324.656
6
194.429 129.426 191.609 128.653 193.154 123.018 202.184 125.494 195.568 132.119 194.429 129.426
6
46.3922 361.254 43.3973 361.197 43.4188 360.067 46.5203 360.126 49.3872 361.311 46.3922 361.254
6
46.3922 361.254 43.3973 361.197 43.3191 365.3 47.7196 365.384 49.3872 361.311 46.3922 361.254
6
263.295 441.187 266.121 442.296 267.227 439.479 263.595 438.054 260.395 440.286 263.295 441.187
5
46.5203 360.126 49.3872 361.311 46.7256 359.141 43.4188 360.067 46.5203 360.126
6
222.207 431.232 225.068 429.904 223.773 427.114 216.36 430.555 223.789 433.961 222.207 431.232
5
210.355 223.693 212.058 221.017 210.086 223.522 208.652 226.37 210.355 223.693
5
210.355 223.693 208.652 226.37 211.476 224.407 212.058 221.017 210.355 223.693
6
87.7769 346.332 90.7478 345.209 90.7443 345.2 87.7402 346.335 90.897 346.925 87.7769 346.332
6
210.086 223.522 208.652 226.37 207.965 226.024 209.455 223.066 212.058 221.017 210.086 223.522
5
87.7248 346.436 90.897 346.925 87.7402 346.335 84.5525 345.946 87.7248 346.436
5
87.7248 346.436 84.5525 345.946 87.6789 346.733 90.897 346.925 87.7248 346.436
5
195.975 162.058 197 159.007 195.609 161.958 195.304 165.206 195.975 162.058
6
87.6789 346.733 84.5525 345.946 83.8871 348.591 87.8253 349.582 90.897 346.925 87.6789 346.733
5
148.581 224.325 149.199 221.14 147.811 224.653 151.306 226.087 148.581 224.325
6
195.609 161.958 197 159.007 196.739 158.884 195.324 161.887 195.304 165.206 195.609 161.958
6
198.993 156.129 202.233 156.547 202.27 156.264 198.785 155.815 197.987 159.237 198.993 156.129
6
156.545 221.158 155.587 218.027 155.902 217.931 156.941 221.327 153.7 222.779 156.545 221.158
6
99.8744 252.353 102.376 254.509 101.97 254.98 99.4467 252.805 97.3732 250.197 99.8744 252.353
6
99.8744 252.353 102.376 254.509 102.945 253.849 100.4 251.655 97.3732 250.197 99.8744 252.353
5
209.455 223.066 212.058 221.017 208.714 222.46 207.965 226.024 209.455 223.066
5
99.4467 252.805 97.3732 250.197 98.5556 253.661 101.97 254.98 99.4467 252.805
6
261.586 235.157 263.386 232.34 264.087 232.788 262.085 235.921 258.37 236.07 261.586 235.157
5
100.4 251.655 102.945 253.849 100.891 250.907 97.3732 250.197 100.4 251.655
5
261.293 443.953 259.851 440.897 260.366 445.112 264.591 444.688 261.293 443.953
5
133.385 268.652 130.082 269.507 135.455 270.581 134.003 265.297 133.385 268.652
5
121.573 266.425 118.203 267.033 122.677 267.473 122.005 263.028 121.573 266.425
6
46.7256 359.141 43.4188 360.067 43.3453 359.804 46.7949 358.839 49.3872 361.311 46.7256 359.141
6
211.476 224.407 208.652 226.37 209.836 228.073 213.675 225.404 212.058 221.017 211.476 224.407
5
272.895 147.48 276.065 146.143 271.614 146.363 272.003 150.802 272.895 147.48
5
156.941 221.327 153.7 222.779 161.902 223.58 155.902 217.931 156.941 221.327
6
195.136 170.984 191.868 169.519 191.739 169.807 195.31 171.407 196.574 167.704 195.136 170.984
5
201.479 131.89 201.725 135.474 201.643 129.477 200.752 135.408 201.479 131.89
6
208.714 222.46 207.965 226.024 207.506 225.928 208.309 222.107 212.058 221.017 208.714 222.46
5
98.5556 253.661 97.3732 250.197 96.5918 254.932 101.232 256.158 98.5556 253.661
5
262.085 235.921 258.37 236.07 262.837 237.231 264.087 232.788 262.085 235.921
5
68.4126 95.1901 64.8736 93.9083 71.3797 97.2965 66.0354 92.2718 68.4126 95.1901
6
283.172 286.176 279.399 286.232 279.397 286.07 283.171 286.013 286.944 286.119 283.172 286.176
6
283.172 286.176 279.399 286.232 279.474 291.203 284.884 291.122 286.944 286.119 283.172 286.176
5
283.171 286.013 286.944 286.119 283.18 284.679 279.397 286.07 283.171 286.013
6
147.811 224.653 151.306 226.087 151.059 226.689 146.919 224.99 149.199 221.14 147.811 224.653
5
198.989 130.465 197.785 134.069 202.86 126.063 195.568 132.119 198.989 130.465
5
219.891 433.839 223.789 433.961 215.561 431.463 222.088 437.061 219.891 433.839
6
263.595 438.054 267.458 438.6 267.829 435.979 262.421 435.214 260.395 440.286 263.595 438.054
6
208.309 222.107 206.649 225.641 205.859 225.27 207.712 221.326 212.058 221.017 208.309 222.107
5
122.794 266.86 122.005 263.028 122.677 267.473 124.936 263.586 122.794 266.86
5
195.31 171.407 191.739 169.807 195.818 172.574 196.574 167.704 195.31 171.407
5
243.213 434.673 246.688 436.528 242.601 433.167 242.019 438.426 243.213 434.673
6
283.18 284.679 279.397 286.07 279.23 285.617 283.199 284.158 286.944 286.119 283.18 284.679
6
87.8253 349.582 83.7695 349.375 83.3789 357.046 94.7286 357.624 90.897 346.925 87.8253 349.582
5
210.882 255.199 214.761 253.957 209.92 254.917 213.476 258.339 210.882 255.199
6
283.199 284.158 278.975 284.346 278.549 274.786 291.154 274.225 286.944 286.119 283.199 284.158
5
260.366 445.112 256.781 442.837 260.114 446.176 264.591 444.688 260.366 445.112
6
185.956 185.098 181.993 183.259 183.167 180.73 187.533 182.756 189.918 186.937 185.956 185.098
6
185.956 185.098 181.993 183.259 180.755 185.927 185.166 187.975 189.918 186.937 185.956 185.098
6
199.575 170.956 202.577 174.209 201.879 174.853 198.843 171.563 196.574 167.704 199.575 170.956
6
199.575 170.956 202.577 174.209 203.655 173.214 200.571 169.873 196.574 167.704 199.575 170.956
6
271.614 146.363 272.003 150.802 271.021 150.888 270.533 145.316 276.065 146.143 271.614 146.363
6
198.579 171.701 200.583 175.698 198.027 176.98 195.818 172.574 196.574 167.704 198.579 171.701
6
198.579 171.701 200.583 175.698 200.85 175.564 198.843 171.563 196.574 167.704 198.579 171.701
5
146.919 224.99 149.199 221.14 145.709 225.153 150.134 228.103 146.919 224.99
6
35.0658 197.468 34.6571 192.874 34.7129 192.869 35.1358 197.622 31.8529 194.159 35.0658 197.468
6
262.837 237.231 264.087 232.788 266.431 233.448 264.364 240.794 258.37 236.07 262.837 237.231
5
213.675 225.404 209.836 228.073 216.777 226.381 212.058 221.017 213.675 225.404
5
260.114 446.176 255.948 443.962 259.971 447.878 264.591 444.688 260.114 446.176
5
35.1358 197.622 31.8529 194.159 37.4059 202.655 34.7129 192.869 35.1358 197.622
6
96.5918 254.932 101.232 256.158 101.195 256.3 96.4237 255.039 97.3732 250.197 96.5918 254.932
5
185.166 187.975 180.755 185.927 185.07 188.854 189.918 186.937 185.166 187.975
6
259.298 226.593 258.814 231.45 259.719 231.54 260.499 223.716 255.889 230.086 259.298 226.593
5
96.4237 255.039 97.3732 250.197 95.409 254.893 95.9708 259.953 96.4237 255.039
6
95.409 254.893 95.9708 259.953 95.9173 259.959 95.354 254.885 97.3732 250.197 95.409 254.893
6
95.354 254.885 93.6004 259.679 88.0002 257.631 90.4099 251.043 97.3732 250.197 95.354 254.885
5
188.859 191.949 189.918 186.937 185.019 191.138 187.8 196.961 188.859 191.949
5
188.859 191.949 187.8 196.961 190.115 192.214 189.918 186.937 188.859 191.949
5
38.0827 165.987 43.0989 167.054 37.7922 165.538 36.9995 171 38.0827 165.987
6
185.07 188.854 180.755 185.927 179.678 187.515 185.019 191.138 189.918 186.937 185.07 188.854
5
205.911 181.546 204.199 176.583 205.818 183.122 208.195 176.819 205.911 181.546
6
190.115 192.214 189.918 186.937 190.615 186.911 190.819 192.387 187.8 196.961 190.115 192.214
6
242.601 433.167 242.019 438.426 237.945 437.975 239.746 421.716 246.688 436.528 242.601 433.167
6
147.691 216.044 150.522 220.541 151.184 220.125 144.514 209.528 149.199 221.14 147.691 216.044
5
145.709 225.153 149.199 221.14 143.036 225.156 149.208 229.158 145.709 225.153
6
257.802 241.373 257.234 246.677 255.862 246.53 256.44 241.138 258.37 236.07 257.802 241.373
6
257.802 241.373 257.234 246.677 257.953 246.754 258.524 241.426 258.37 236.07 257.802 241.373
5
258.524 241.426 257.953 246.754 259.645 241.47 258.37 236.07 258.524 241.426
6
256.23 241.05 254.091 246.031 252.955 245.543 255.122 240.498 258.37 236.07 256.23 241.05
6
256.23 241.05 254.091 246.031 254.299 246.121 256.44 241.138 258.37 236.07 256.23 241.05
5
262.421 435.214 267.829 435.979 261.922 434.353 260.395 440.286 262.421 435.214
6
135.455 270.581 134.003 265.297 143.444 262.702 153.312 298.598 130.082 269.507 135.455 270.581
5
190.819 192.387 187.8 196.961 200.224 195.022 190.615 186.911 190.819 192.387
5
255.122 240.498 258.37 236.07 253.094 239.339 252.955 245.543 255.122 240.498
6
37.7922 165.538 43.0989 167.054 45.0597 160.189 26.7741 154.966 36.9995 171 37.7922 165.538
6
96.3281 347.957 95.8597 342.449 96.9535 342.356 97.557 349.455 90.897 346.925 96.3281 347.957
6
245.206 190.081 250.274 192.294 250.552 191.657 243.488 188.574 247.78 194.976 245.206 190.081
6
259.645 241.47 257.953 246.754 262.036 248.062 264.364 240.794 258.37 236.07 259.645 241.47
5
32.5951 167.617 36.9995 171 31.6888 166.716 36.0032 172.002 32.5951 167.617
6
135.694 259.046 137.173 264.426 135.367 264.922 133.73 258.967 136.714 253.56 135.694 259.046
5
270.533 145.316 276.065 146.143 268.72 143.388 271.021 150.888 270.533 145.316
6
259.971 447.878 255.948 443.962 253.979 445.985 260.091 451.934 264.591 444.688 259.971 447.878
5
131.513 256.057 127.658 251.765 131.181 257.732 136.714 253.56 131.513 256.057
6
123.06 247.805 127.049 252.059 127.064 252.045 123.073 247.79 118.405 244.291 123.06 247.805
5
123.073 247.79 127.064 252.045 123.587 247.216 118.405 244.291 123.073 247.79
6
208.22 156.218 202.373 155.463 202.424 155.069 208.278 155.824 214.067 156.972 208.22 156.218
6
208.22 156.218 202.373 155.463 202.172 157.022 208.123 157.79 214.067 156.972 208.22 156.218
5
208.278 155.824 214.067 156.972 208.683 153.346 202.424 155.069 208.278 155.824
5
123.587 247.216 128.114 251.078 125.872 243.947 118.405 244.291 123.587 247.216
5
208.123 157.79 202.172 157.022 208.127 158.8 214.067 156.972 208.123 157.79
6
182.825 193.586 177.849 190.211 179.678 187.515 185.019 191.138 187.8 196.961 182.825 193.586
6
182.825 193.586 177.849 190.211 176.68 191.934 181.805 195.41 187.8 196.961 182.825 193.586
6
261.922 434.353 267.829 435.979 268.086 435.044 261.154 433.136 260.395 440.286 261.922 434.353
6
133.73 258.967 132.612 265.041 129.995 264.559 131.245 257.771 136.714 253.56 133.73 258.967
5
181.805 195.41 176.68 191.934 181.303 196.519 187.8 196.961 181.805 195.41
5
72.0718 409.313 66.2478 407.18 76.5821 413.085 68.9424 403.958 72.0718 409.313
6
253.094 239.339 252.955 245.543 251.076 245.501 251.242 238.093 258.37 236.07 253.094 239.339
6
208.683 153.346 202.424 155.069 201.18 150.55 210.503 147.984 214.067 156.972 208.683 153.346
5
181.303 196.519 175.883 192.911 181.106 197.1 187.8 196.961 181.303 196.519
6
90.9812 248.908 85.7355 245.034 85.0145 246.011 90.5247 250.08 97.3732 250.197 90.9812 248.908
6
205.818 183.122 209.595 177.544 210.036 177.843 205.552 184.464 204.199 176.583 205.818 183.122
6
31.6888 166.716 31.1232 173.516 31.0071 173.506 31.5911 166.485 36.9995 171 31.6888 166.716
5
90.5247 250.08 85.0145 246.011 90.2616 250.856 97.3732 250.197 90.5247 250.08
5
131.245 257.771 136.714 253.56 131.181 257.732 129.995 264.559 131.245 257.771
5
90.4099 251.043 97.3732 250.197 90.2616 250.856 88.0002 257.631 90.4099 251.043
6
253.693 435.871 257.799 441.586 258.803 440.864 254.242 434.515 246.688 436.528 253.693 435.871
5
31.5911 166.485 36.9995 171 26.8238 155.085 31.0071 173.506 31.5911 166.485
5
97.557 349.455 90.897 346.925 98.5571 350.78 96.9535 342.356 97.557 349.455
6
216.777 226.381 209.836 228.073 210.061 228.996 218.641 226.904 212.058 221.017 216.777 226.381
5
72.2039 95.892 78.3725 99.5122 98.1292 51.7173 66.0354 92.2718 72.2039 95.892
5
72.2039 95.892 66.0354 92.2718 71.3797 97.2965 78.3725 99.5122 72.2039 95.892
6
261.154 433.136 268.343 433.019 268.3 430.357 258.315 430.518 260.395 440.286 261.154 433.136
5
71.3797 97.2965 64.8736 93.9083 71.2396 97.6339 78.3725 99.5122 71.3797 97.2965
5
143.036 225.156 149.199 221.14 138.753 224.75 148.335 230.258 143.036 225.156
5
71.0586 98.7006 78.3725 99.5122 71.0639 98.6528 63.7448 97.8889 71.0586 98.7006
5
71.0586 98.7006 63.7448 97.8889 70.8184 100.865 78.3725 99.5122 71.0586 98.7006
6
71.0639 98.6528 63.7448 97.8889 63.8396 96.9802 71.1929 97.7477 78.3725 99.5122 71.0639 98.6528
6
71.2396 97.6339 64.8736 93.9083 64.8121 94.0133 71.1929 97.7477 78.3725 99.5122 71.2396 97.6339
5
192.588 148.395 193.185 141.035 191.659 148.319 191.991 155.754 192.588 148.395
5
192.588 148.395 191.991 155.754 192.928 148.422 193.185 141.035 192.588 148.395
6
191.659 148.319 191.991 155.754 190.915 155.802 190.575 148.192 193.185 141.035 191.659 148.319
6
125.872 243.947 128.114 251.078 131.511 250.01 128.244 239.619 118.405 244.291 125.872 243.947
6
159.015 228.131 164.331 233.484 164.202 233.611 158.886 228.258 153.7 222.779 159.015 228.131
6
159.015 228.131 164.331 233.484 165.976 231.849 160.535 226.37 153.7 222.779 159.015 228.131
5
190.575 148.192 193.185 141.035 186.386 147.548 190.915 155.802 190.575 148.192
6
172.629 337.423 179.239 341.238 178.173 343.084 171.435 339.195 166.02 333.608 172.629 337.423
6
172.629 337.423 179.239 341.238 183.882 333.192 174.825 327.964 166.02 333.608 172.629 337.423
6
70.8184 100.865 63.7448 97.8889 63.2524 99.0593 70.725 102.203 78.3725 99.5122 70.8184 100.865
6
243.488 188.574 251.037 190.132 251.378 188.477 239.151 185.953 247.78 194.976 243.488 188.574
5
160.535 226.37 167.246 230.19 161.284 225.002 153.7 222.779 160.535 226.37
5
217.11 149.855 214.067 156.972 218.256 150.345 220.153 142.738 217.11 149.855
5
217.11 149.855 220.153 142.738 215.933 149.352 214.067 156.972 217.11 149.855
5
171.435 339.195 166.02 333.608 170.275 340.682 178.173 343.084 171.435 339.195
5
254.242 434.515 258.803 440.864 255.809 430.136 246.688 436.528 254.242 434.515
6
218.256 150.345 220.153 142.738 226.137 144.23 223.699 154.008 214.067 156.972 218.256 150.345
6
268.72 143.388 271.021 150.888 270.089 151.174 267.161 141.631 276.065 146.143 268.72 143.388
6
215.933 149.352 220.153 142.738 217.207 140.858 212.46 148.296 214.067 156.972 215.933 149.352
5
161.284 225.002 168.07 229.053 161.904 223.581 153.7 222.779 161.284 225.002
5
201.584 184.102 196.711 177.807 201.608 184.251 204.199 176.583 201.584 184.102
5
205.552 184.464 204.199 176.583 204.821 186.775 211.193 178.796 205.552 184.464
5
201.608 184.251 193.848 181.952 203.207 187.333 204.199 176.583 201.608 184.251
5
216.36 430.555 223.773 427.114 214.502 430.559 223.789 433.961 216.36 430.555
6
161.902 223.58 155.902 217.931 155.903 217.93 161.904 223.581 153.7 222.779 161.902 223.58
6
170.275 340.682 178.173 343.084 178.12 343.257 170.155 340.835 166.02 333.608 170.275 340.682
5
260.091 451.934 253.979 445.985 260.572 455.864 264.591 444.688 260.091 451.934
6
98.5571 350.78 96.9535 342.356 98.944 341.977 101.43 355.038 90.897 346.925 98.5571 350.78
5
215.561 431.463 223.789 433.961 214.754 430.832 219.969 438.846 215.561 431.463
5
212.46 148.296 217.207 140.858 210.699 147.953 214.067 156.972 212.46 148.296
6
25.3681 187.48 23.7982 178.305 22.9891 178.443 24.6053 187.889 31.8529 194.159 25.3681 187.48
5
202.184 125.494 195.568 132.119 203.338 125.188 193.154 123.018 202.184 125.494
6
186.386 147.548 190.915 155.802 188.597 157.074 182.951 146.783 193.185 141.035 186.386 147.548
6
161.32 325.393 163.84 334.516 162.832 334.794 157.603 315.864 166.02 333.608 161.32 325.393
5
202.86 126.063 201.725 135.474 203.338 125.188 195.568 132.119 202.86 126.063
6
214.754 430.832 217.244 440.063 217.077 440.108 214.502 430.559 223.789 433.961 214.754 430.832
5
24.6053 187.889 22.9891 178.443 19.8186 190.589 31.8529 194.159 24.6053 187.889
6
210.699 147.953 211.234 138.34 211.04 138.329 210.503 147.984 214.067 156.972 210.699 147.953
5
34.9076 203.546 31.8529 194.159 33.3188 204.063 37.9623 212.933 34.9076 203.546
5
34.9076 203.546 37.9623 212.933 35.7863 203.26 31.8529 194.159 34.9076 203.546
6
35.7863 203.26 37.9623 212.933 39.6335 212.557 37.4059 202.655 31.8529 194.159 35.7863 203.26
5
267.161 141.631 276.065 146.143 264.694 138.701 270.089 151.174 267.161 141.631
6
258.315 430.518 267.92 427.785 267.425 426.044 256.043 429.282 260.395 440.286 258.315 430.518
6
33.3188 204.063 37.9623 212.933 37.4551 213.199 32.7627 204.235 31.8529 194.159 33.3188 204.063
6
237.745 193.778 227.644 194.137 227.542 191.261 238.071 190.887 247.78 194.976 237.745 193.778
5
32.7627 204.235 31.8529 194.159 26.667 205.233 35.1118 214.076 32.7627 204.235
5
204.821 186.775 204.199 176.583 204.014 188.817 212.242 179.761 204.821 186.775
5
80.2683 171.063 89.2323 166.044 66.3674 173.957 90.4906 172.088 80.2683 171.063
6
174.825 327.964 184.097 332.801 193.984 313.849 160.784 296.53 166.02 333.608 174.825 327.964
5
238.071 190.887 247.78 194.976 238.447 188.835 227.542 191.261 238.071 190.887
6
291 276.27 293.259 286.679 293.83 286.555 291.154 274.225 286.944 286.119 291 276.27
6
203.207 187.333 193.848 181.952 193.407 182.718 204.014 188.817 204.199 176.583 203.207 187.333
5
128.244 239.619 137.047 246.034 128.361 238.368 118.405 244.291 128.244 239.619
6
138.753 224.75 147.183 231.897 147.058 232.045 138.366 224.676 149.199 221.14 138.753 224.75
5
255.809 430.136 260.395 440.286 256.043 429.282 246.688 436.528 255.809 430.136
6
238.447 188.835 227.542 191.261 226.964 188.664 239.151 185.953 247.78 194.976 238.447 188.835
5
94.7286 357.624 83.3789 357.046 100.805 362.138 90.897 346.925 94.7286 357.624
5
138.366 224.676 149.199 221.14 136.458 224.301 147.058 232.045 138.366 224.676
6
128.361 238.368 137.047 246.034 137.8 245.181 128.46 236.938 118.405 244.291 128.361 238.368
6
256.043 429.282 267.425 426.044 266.539 422.931 254.335 426.403 246.688 436.528 256.043 429.282
6
260.572 455.864 253.979 445.985 251.804 447.437 261.671 462.223 264.591 444.688 260.572 455.864
5
76.5821 413.085 66.2478 407.18 81.2578 417.758 70.6713 402.754 76.5821 413.085
6
26.667 205.233 35.1118 214.076 32.0278 217.021 21.1906 205.672 31.8529 194.159 26.667 205.233
5
128.46 236.938 139.241 243.179 128.346 234.8 118.405 244.291 128.46 236.938
5
144.514 209.528 151.184 220.125 137.623 196.052 149.199 221.14 144.514 209.528
6
19.8186 190.589 22.9891 178.443 21.6095 178.083 18.0707 191.639 31.8529 194.159 19.8186 190.589
5
200.224 195.022 187.8 196.961 204.859 196.607 191.589 185.881 200.224 195.022
5
254.335 426.403 266.539 422.931 251.815 422.724 246.688 436.528 254.335 426.403
6
12.9999 307.746 0 307.746 0 274.713 33.9841 274.713 25.9998 307.746 12.9999 307.746
6
12.9999 307.746 0 307.746 0 324.464 18.3749 324.464 25.9998 307.746 12.9999 307.746
5
136.458 224.301 149.199 221.14 130.09 222.694 146.172 233.131 136.458 224.301
6
101.43 355.038 101.139 341.746 105.223 341.656 105.737 365.167 90.897 346.925 101.43 355.038
5
264.694 138.701 276.065 146.143 265.053 129.673 252.768 145.217 264.694 138.701
5
128.346 234.8 140.037 242.027 128.135 232.784 118.405 244.291 128.346 234.8
6
18.0707 191.639 14.9728 177.975 12.9897 178.425 16.4079 193.501 31.8529 194.159 18.0707 191.639
6
21.905 321.845 36.5574 320.912 36.6864 322.938 18.9374 324.069 25.9998 307.746 21.905 321.845
6
251.815 422.724 266.539 422.931 266.595 418.948 248.656 418.696 246.688 436.528 251.815 422.724
5
128.135 232.784 141.258 240.192 127.592 229.758 118.405 244.291 128.135 232.784
5
109.033 232.415 118.405 244.291 110.811 219.829 96.7363 241.229 109.033 232.415
5
16.4079 193.501 12.9897 178.425 15.9266 194.078 31.8529 194.159 16.4079 193.501
5
21.1906 205.672 31.8529 194.159 18.016 205.697 32.0278 217.021 21.1906 205.672
6
15.9264 194.159 0 194.159 0 194.078 15.9266 194.078 31.8529 194.159 15.9264 194.159
6
15.9264 194.159 0 194.159 0 205.697 18.016 205.697 31.8529 194.159 15.9264 194.159
6
239.746 421.716 223.462 420.159 223.674 417.938 241.326 419.625 246.688 436.528 239.746 421.716
5
30.5683 292.015 28.8162 308.302 33.9841 274.713 25.9998 307.746 30.5683 292.015
5
127.592 229.758 142.062 239.045 126.973 226.967 118.405 244.291 127.592 229.758
5
136.74 285.539 127.819 270.647 136.815 285.689 130.082 269.507 136.74 285.539
6
136.815 285.689 123.265 274.572 122.946 274.961 138.102 287.395 130.082 269.507 136.815 285.689
6
264.591 462.344 264.591 480 261.671 480 261.671 462.223 264.591 444.688 264.591 462.344
6
264.591 462.344 264.591 480 279.148 480 279.148 459.344 264.591 444.688 264.591 462.344
5
241.326 419.625 246.688 436.528 245.22 414.805 223.674 417.938 241.326 419.625
5
18.9374 324.069 25.9998 307.746 18.3749 324.464 36.6864 322.938 18.9374 324.069
5
248.656 418.696 266.595 418.948 245.22 414.805 246.688 436.528 248.656 418.696
6
100.805 362.138 83.3789 357.046 83.2494 357.489 101.896 362.937 90.897 346.925 100.805 362.138
5
81.2578 417.758 66.2478 407.18 97.0262 437.086 73.9085 400.93 81.2578 417.758
6
26.8238 155.085 31.0071 173.506 30.9855 173.511 26.7741 154.966 36.9995 171 26.8238 155.085
5
130.09 222.694 149.199 221.14 125.193 221.265 145.365 234.28 130.09 222.694
6
126.973 226.967 142.062 239.045 143.101 237.748 126.329 224.322 118.405 244.291 126.973 226.967
6
101.896 362.937 82.6206 360.521 82.429 362.05 105.288 364.915 90.897 346.925 101.896 362.937
5
46.7367 408.446 30.9265 396.943 46.1738 410.389 66.2478 407.18 46.7367 408.446
5
138.102 287.395 122.946 274.961 148.202 300.61 130.082 269.507 138.102 287.395
6
157.603 315.864 159.07 335.448 158.034 335.526 156.118 309.965 166.02 333.608 157.603 315.864
6
265.053 129.673 245.355 127.543 245.418 126.956 265.396 129.116 276.065 146.143 265.053 129.673
6
265.396 129.116 245.744 124.925 245.884 124.265 265.822 128.517 276.065 146.143 265.396 129.116
6
46.1738 410.389 30.9265 396.943 30.5818 397.334 46.0164 410.945 66.2478 407.18 46.1738 410.389
5
46.0164 410.945 28.7271 399.784 45.7114 412.492 66.2478 407.18 46.0164 410.945
6
68.4139 164.486 88.6665 159.42 88.6119 159.202 66.9831 164.613 89.2323 166.044 68.4139 164.486
5
45.7114 412.492 27.9213 400.939 45.064 416.468 66.2478 407.18 45.7114 412.492
5
126.329 224.322 145.365 234.28 125.193 221.265 118.405 244.291 126.329 224.322
6
66.9831 164.613 45.5452 158.489 43.3245 166.264 66.3104 172.83 89.2323 166.044 66.9831 164.613
5
105.288 364.915 82.429 362.05 105.737 365.167 90.897 346.925 105.288 364.915
6
45.064 416.468 27.9213 400.939 24.2254 405.019 44.3544 423.253 66.2478 407.18 45.064 416.468
6
66.3104 172.83 42.9281 167.857 42.7011 168.925 66.3674 173.957 89.2323 166.044 66.3104 172.83
5
125.193 221.265 149.199 221.14 116.948 210.298 118.405 244.291 125.193 221.265
6
110.811 219.829 96.7363 241.229 94.9741 240.07 111.633 214.742 118.405 244.291 110.811 219.829
5
156.118 309.965 166.02 333.608 153.385 298.584 158.034 335.526 156.118 309.965
5
44.3544 423.253 21.9229 407.94 44.4242 427.324 66.2478 407.18 44.3544 423.253
6
137.623 196.052 160.283 211.862 160.558 211.467 136.417 194.624 149.199 221.14 137.623 196.052
5
136.417 194.624 140.031 165.41 129.893 195.697 149.199 221.14 136.417 194.624
6
44.4242 427.324 21.9229 407.94 20.2806 409.846 44.5545 430.757 66.2478 407.18 44.4242 427.324
5
111.633 214.742 118.405 244.291 112.049 212.428 94.9741 240.07 111.633 214.742
6
129.893 195.697 140.031 165.41 139.007 165.067 128.685 195.906 149.199 221.14 129.893 195.697
5
44.5545 430.757 17.9256 412.942 45.2409 436.513 66.2478 407.18 44.5545 430.757
5
112.049 212.428 118.405 244.291 116.948 210.298 93.0793 186.05 112.049 212.428
6
128.685 195.906 130.231 163.422 130.034 163.413 128.484 195.972 149.199 221.14 128.685 195.906
5
128.484 195.972 130.034 163.413 125.23 197.053 149.199 221.14 128.484 195.972
5
121.139 203.595 149.199 221.14 125.23 197.053 93.0793 186.05 121.139 203.595
5
121.139 203.595 93.0793 186.05 116.948 210.298 149.199 221.14 121.139 203.595
6
148.202 300.61 149.934 336.565 151.241 336.502 149.493 300.215 130.082 269.507 148.202 300.61
6
45.2409 436.513 17.9256 412.942 16.528 414.562 45.6692 439.708 66.2478 407.18 45.2409 436.513
5
149.493 300.215 158.034 335.526 153.312 298.598 130.082 269.507 149.493 300.215
6
66.2478 443.59 66.2478 480 45.8818 480 45.8818 440.742 66.2478 407.18 66.2478 443.59
6
66.2478 443.59 66.2478 480 97.0262 480 97.0262 437.086 66.2478 407.18 66.2478 443.59
6
156.166 297.761 146.312 261.913 146.917 261.747 156.772 297.597 166.02 333.608 156.166 297.761
6
156.166 297.761 146.312 261.913 143.516 262.682 153.385 298.584 166.02 333.608 156.166 297.761
5
156.772 297.597 166.02 333.608 160.784 296.53 146.917 261.747 156.772 297.597
5
45.6692 439.708 13.9241 417.941 45.8818 440.742 66.2478 407.18 45.6692 439.708
6
66.0354 46.1359 66.0354 0 98.1292 0 98.1292 51.7173 66.0354 92.2718 66.0354 46.1359
6
66.0354 46.1359 66.0354 0 57.7162 0 57.7162 46.5109 66.0354 92.2718 66.0354 46.1359
6
98.1292 51.7173 98.1292 0 116.747 0 116.747 57.155 78.3725 99.5122 98.1292 51.7173
5
116.747 57.155 78.3725 99.5122 125.001 61.8889 133.929 2.64393 116.747 57.155
6
125.001 61.8889 133.929 2.64393 138.027 3.26151 128.846 64.183 78.3725 99.5122 125.001 61.8889
5
128.846 64.183 78.3725 99.5122 139.572 70.8308 138.027 3.26151 128.846 64.183
5
139.948 77.8432 194.245 114.076 140.324 74.8478 78.3725 99.5122 139.948 77.8432
5
140.324 74.8478 196.236 111.182 140.655 71.5078 78.3725 99.5122 140.324 74.8478
6
139.572 70.8308 138.027 3.26151 139.094 3.23712 140.655 71.5078 78.3725 99.5122 139.572 70.8308
