302.161 42.1141
234.106 105.756
320 480
0 480
0.0302422 423.077
0.0467877 423.153
0.0580653 174.714
5.1628 0.0678686
0.0812322 433.132
0.0941532 4.15303
130.908 0.121735
5.35692 0.138795
0.157567 433.358
0.177309 174.511
130.59 0.208882
0.229007 4.4467
319.262 146.677
319 0.748495
0.856877 239.624
319.028 241.37
319.004 287.467
319 2.4965
319 285.471
318.976 243.364
1.11708 241.58
90.4832 166.138
195.274 166.999
203.715 175.179
195.395 166.712
199.916 136.697
318.459 144.544
92.4595 168.299
264.178 153.734
152.811 221.427
97.7499 259.719
244.953 437.506
225.689 434.021
193.744 132.728
216.66 253.58
91.0721 184.096
84.4988 328.753
249.777 195.979
259.849 233.648
50.9723 362.823
197.471 161.452
244.38 436.744
93.358 345.179
260.474 155.482
149.918 223.569
121.479 260.473
215.592 364.2
129.076 267.083
277.409 148.456
39.1444 172.647
260.486 357.354
262.504 442.164
195.652 139.649
81.7299 324.656
254.777 232.847
137.266 250.594
245.183 116.669
33.2268 170.544
257.528 157.204
83.2506 256.079
87.7402 346.335
195.975 162.058
266.487 356.685
83.0402 323.847
234.58 101.929
195.324 161.887
261.586 235.157
3.37515 425.201
261.293 443.953
198.785 155.815
288.59 146.979
46.7949 358.839
100.891 250.907
257.9 155.506
207.712 221.326
47.7196 365.384
208.773 365.933
122.677 267.473
200.571 169.873
122.826 267.765
187.533 182.756
195.818 172.574
96.4237 255.039
209.92 254.917
30.1274 188.81
284.884 291.122
211.674 449.294
260.798 165.16
96.3281 347.957
135.694 259.046
92.4777 245.318
123.06 247.805
201.643 129.477
208.127 158.8
185.019 191.138
90.9812 248.908
181.106 197.1
31.6888 166.716
131.181 257.732
253.693 435.871
244.266 106.745
90.2616 250.856
298.179 151.826
192.928 148.422
251.242 238.093
238.221 124.354
158.886 228.258
264.364 240.794
185.436 345.886
246.837 159.396
260.499 223.716
70.725 102.203
161.904 223.581
170.155 340.835
202.367 232.928
218.641 226.904
26.2241 187.026
248.948 236.547
25.3681 187.48
202.86 126.063
210.503 147.984
226.833 446.371
253.053 135.119
214.502 430.559
10.0473 10.0473
223.699 154.008
20.4275 167.566
237.745 193.778
37.4059 202.655
203.338 125.188
236.512 426.98
216.525 194.177
182.951 146.783
256.043 429.282
204.014 188.817
239.151 185.953
291.154 274.225
41.6744 226.117
88.1516 271.718
264.694 138.701
274.98 165.25
267.174 338.236
22.2998 321.529
201.402 209.833
21.905 321.845
63.3503 217.116
209.317 393.101
109.033 232.415
224.537 269.731
15.9266 194.078
239.746 421.716
204.859 196.607
302.689 162.821
226.955 126.152
195.907 252.845
261.671 462.223
18.016 205.697
18.1378 159.414
206.044 197.004
18.3749 324.464
232.488 168.959
235.664 170.143
26.7741 154.966
207.313 199.166
46.7367 408.446
265.053 129.673
230.944 231.33
232.431 230.511
299.861 307.552
299.666 21.8405
265.822 128.517
279.148 459.344
86.5014 279.848
298.704 265.562
245.22 414.805
243.751 378.882
297.788 260.564
66.9831 164.613
277.696 174.598
122.858 185.375
252.3 269.654
23.328 151.334
105.737 365.167
125.193 221.265
66.3674 173.957
66.3498 174.235
66.5366 227.822
292.711 370.712
292.159 452.159
136.417 194.624
50.7587 243.425
123.785 194.694
112.049 212.428
287.078 109.75
33.3235 446.676
286.508 186.648
125.23 197.053
33.9841 274.713
116.948 210.298
283.187 201.646
284.769 200.532
60.9221 288.187
148.202 300.61
153.312 298.598
153.385 298.584
160.784 296.53
241.723 288.706
184.811 393.53
45.8818 440.742
40.3453 263.397
41.0204 269.139
238.256 315.225
97.0262 437.086
57.7162 46.5109
47.8275 47.8275
223.255 50.5507
98.1292 51.7173
138.363 107.038
116.747 57.155
162.52 408.078
140.674 403.286
139.948 77.8432
147.814 411.864
140.655 71.5078
143.942 410.828
