6
0.036738 423.107 0.0302422 423.077 0 423.077 0 423.107 0 423.153 0.0467877 423.153 
6
0.087482 174.664 0.177309 174.511 0 174.511 0 174.664 0 174.714 0.0580653 174.714 
5
5.35692 0 5.1628 0 5.1628 0.0678686 5.22655 0.091161 5.35692 0.138795 
6
0.107199 433.209 0.0812322 433.132 0 433.132 0 433.209 0 433.358 0.157567 433.358 
6
0.133443 4.23859 0.0941532 4.15303 0 4.15303 0 4.23859 0 4.4467 0.229007 4.4467 
5
130.791 0.153823 130.908 0.121735 130.908 0 130.59 0 130.59 0.208882 
6
0.969827 240.473 0.856877 239.624 0 239.624 0 240.473 0 241.58 1.11708 241.58 
6
320 242.341 320 241.37 319.028 241.37 319.003 242.341 318.976 243.364 320 243.364 
6
320 286.471 320 285.471 319 285.471 319.002 286.471 319.004 287.467 320 287.467 
6
320 145.986 320 144.544 318.459 144.544 319.002 145.986 319.262 146.677 320 146.677 
8
320 1.49699 320 0.766678 320 0 319 0 319 0.748495 319 1.49699 319 2.4965 320 2.4965 
15
249.777 195.979 249.086 194.022 249.599 193.841 249.817 193.342 250.274 192.294 250.552 191.657 250.874 190.92 251.037 190.132 251.378 188.477 239.151 185.953 247.78 194.976 247.698 195.665 247.663 195.956 247.715 196.245 247.734 196.349 
7
263.906 155.726 264.085 155.563 264.873 155.186 264.178 153.734 262.722 154.421 260.474 155.482 262.144 157.324 
6
90.4906 172.088 90.9707 167.299 91.071 167.246 90.4832 166.138 89.2323 166.044 66.3674 173.957 
6
197.332 166.307 198.804 163.593 195.975 162.058 195.304 165.206 195.395 166.712 196.722 167.432 
7
199.916 136.697 200.752 135.408 201.643 129.477 197.785 134.069 198.32 135.063 198.335 135.495 198.381 136.752 
6
216.391 255.931 216.913 255.5 216.66 253.58 214.761 253.957 209.92 254.917 213.476 258.339 
11
213.073 364.894 215.592 364.2 215.43 361.592 215.305 361.6 215 361.619 214.708 361.711 213.006 362.245 212.899 362.252 212.034 362.309 210.076 361.705 208.773 365.933 
20
204.199 176.583 203.715 175.179 202.708 174.088 202.27 174.492 201.415 175.281 198.015 176.986 197.606 177.191 197.116 177.437 196.711 177.807 196.083 178.056 195.59 178.518 195.567 178.54 195.043 179.031 194.739 179.682 194.333 180.554 194.109 181.034 193.964 181.544 193.848 181.952 193.407 182.718 204.014 188.817 
7
258.277 231.707 258.814 231.45 259.719 231.54 260.499 223.716 255.889 230.086 254.777 232.847 257.752 232.955 
12
199.81 162.172 199.959 161.987 200.056 161.77 200.655 160.426 201.977 157.459 202.172 157.022 202.233 156.547 202.27 156.264 198.785 155.815 197.987 159.237 197.471 161.452 199.243 162.877 
14
196.574 167.704 195.274 166.999 193.863 166.559 193.777 166.832 193.774 166.843 193.558 167.06 193.359 167.26 193.229 167.51 192.982 167.987 192.405 168.667 192.076 169.055 191.868 169.519 191.739 169.807 195.818 172.574 
9
263.269 357.044 266.487 356.685 266.265 353.454 265.229 353.526 265.064 353.537 264.902 353.571 262.642 354.043 259.913 354.613 260.486 357.354 
9
86.6444 328.215 86.704 327.868 86.6253 327.525 86.3648 326.388 86.0566 325.044 83.0402 323.847 83.3655 327.076 84.4988 328.753 86.4935 329.095 
13
155.903 217.93 155.902 217.931 155.587 218.027 155.209 218.143 154.869 218.345 153.893 218.927 153.533 219.032 153.192 219.131 152.909 219.345 152.022 220.015 152.811 221.427 153.7 222.779 161.904 223.581 
14
227.145 432.799 227.128 432.752 227.051 432.539 226.902 432.128 226.58 431.832 226.31 431.585 226.079 431.171 225.991 431.012 225.875 430.873 225.068 429.904 223.773 427.114 214.502 430.559 223.789 433.961 225.689 434.021 
6
258.995 159.997 257.528 157.204 254.525 158.173 255.462 161.076 255.332 164.978 260.798 165.16 
12
193.744 132.728 195.568 132.119 203.338 125.188 193.154 123.018 191.609 128.653 191.494 129.073 191.506 129.509 191.569 131.714 191.575 131.923 191.624 132.127 191.834 133.01 191.874 133.175 
12
122.005 263.028 121.479 260.473 119.773 258.5 119.672 258.587 119.104 259.078 118.889 259.797 118.257 261.906 117.802 263.425 117.646 263.947 117.743 264.483 118.203 267.033 122.677 267.473 
5
50.9723 362.823 53.0369 363.554 51.8684 366.853 47.7196 365.384 49.3872 361.311 
7
298.404 144.63 293.996 144.492 292.671 144.214 289.319 143.51 288.59 146.979 291.754 148.578 298.179 151.826 
10
246.799 119.977 247.195 119.112 247.581 118.774 247.797 118.309 247.839 118.218 247.96 117.956 245.183 116.669 242.579 118.279 238.221 124.354 245.533 125.914 
6
244.38 436.744 246.688 436.528 239.746 421.716 237.945 437.975 242.019 438.426 243.677 438.954 
10
143.444 262.702 134.003 265.297 130.96 264.737 130.055 264.57 129.995 264.559 129.935 264.551 129.426 264.482 129.076 267.083 130.082 269.507 153.312 298.598 
25
145.864 233.896 146.099 233.312 146.172 233.131 146.704 232.774 146.984 232.198 147.058 232.045 147.183 231.897 147.445 231.588 147.966 230.974 148.335 230.258 148.869 229.9 149.136 229.315 149.208 229.158 149.803 228.85 150.074 228.237 150.134 228.103 150.636 227.72 150.876 227.136 151.059 226.689 151.306 226.087 152.045 224.944 149.918 223.569 149.199 221.14 125.193 221.265 145.365 234.28 
9
136.714 253.56 137.266 250.594 134.92 248.696 134.087 249.2 129.783 250.553 128.901 250.831 128.114 251.078 127.658 251.765 131.181 257.732 
7
42.0322 172.07 43.0989 167.054 45.0597 160.189 26.7741 154.966 36.9995 171 39.1444 172.647 41.7898 173.21 
14
276.307 151.406 277.091 151.248 277.936 151.079 277.409 148.456 276.065 146.143 264.694 138.701 270.089 151.174 271.021 150.888 272.003 150.802 273.737 151.268 274.002 151.339 274.276 151.358 275.594 151.452 275.954 151.477 
7
200.054 146.46 198.53 140.923 198.527 140.844 198.481 139.548 195.652 139.649 193.185 141.035 192.928 148.422 
18
265.525 443.816 265.797 443.123 266.121 442.296 267.227 439.479 267.394 439.053 267.458 438.6 267.829 435.979 268.086 435.044 268.36 434.05 268.343 433.019 268.3 430.357 268.279 429.046 267.92 427.785 267.425 426.044 256.043 429.282 260.395 440.286 262.504 442.164 264.781 443.835 
5
81.7299 324.656 79.7069 322.549 80.7927 321.506 83.0402 323.847 83.3655 327.076 
7
49.3872 361.311 46.7949 358.839 43.3453 359.804 43.4188 360.067 43.3973 361.197 43.3191 365.3 47.7196 365.384 
11
218.641 226.904 212.058 221.017 207.712 221.326 205.859 225.27 206.649 225.641 207.061 225.834 207.506 225.928 207.965 226.024 208.652 226.37 209.836 228.073 210.061 228.996 
12
90.897 346.925 87.7402 346.335 84.5525 345.946 83.8871 348.591 83.7898 348.977 83.7695 349.375 83.3789 357.046 83.2494 357.489 82.8138 358.98 82.6206 360.521 82.429 362.05 105.737 365.167 
5
195.975 162.058 197 159.007 196.739 158.884 195.324 161.887 195.304 165.206 
10
101.232 256.158 101.724 255.81 101.895 255.232 101.97 254.98 102.376 254.509 102.945 253.849 100.891 250.907 97.3732 250.197 96.4237 255.039 101.195 256.3 
6
266.431 233.448 264.087 232.788 263.386 232.34 261.586 235.157 258.37 236.07 264.364 240.794 
15
264.591 444.688 261.293 443.953 259.851 440.897 258.803 440.864 257.951 441.476 257.868 441.536 257.778 441.6 257.109 442.081 256.781 442.837 256.311 443.233 256.037 443.783 255.948 443.962 253.979 445.985 251.804 447.437 261.671 462.223 
10
284.884 291.122 286.944 286.119 291.154 274.225 278.549 274.786 278.975 284.346 279.004 285.001 279.23 285.617 279.397 286.07 279.399 286.232 279.474 291.203 
7
189.918 186.937 187.533 182.756 183.167 180.73 181.993 183.259 180.755 185.927 179.678 187.515 185.019 191.138 
10
200.583 175.698 200.85 175.564 201.415 175.281 201.879 174.853 202.577 174.209 203.655 173.214 200.571 169.873 196.574 167.704 195.818 172.574 198.027 176.98 
12
95.7258 259.98 95.9173 259.959 95.9708 259.953 96.4237 255.039 97.3732 250.197 90.2616 250.856 88.0002 257.631 93.6004 259.679 93.7815 259.746 94.0202 259.833 94.2676 259.891 94.989 260.062 
8
204.859 196.607 191.589 185.881 191.052 186.04 190.801 186.541 190.615 186.911 189.918 186.937 185.019 191.138 187.8 196.961 
12
264.364 240.794 258.37 236.07 251.242 238.093 251.076 245.501 252.955 245.543 254.091 246.031 254.299 246.121 255.05 246.443 255.862 246.53 257.234 246.677 257.953 246.754 262.036 248.062 
9
105.223 341.656 101.139 341.746 100.032 341.77 98.944 341.977 96.9535 342.356 95.8597 342.449 96.3281 347.957 90.897 346.925 105.737 365.167 
8
135.367 264.922 137.173 264.426 135.694 259.046 136.714 253.56 131.181 257.732 129.995 264.559 132.612 265.041 134.003 265.297 
41
127.064 252.045 127.658 251.765 128.021 251.218 128.114 251.078 131.511 250.01 132.301 249.762 132.75 249.62 133.742 249.308 133.745 249.307 134.087 249.2 134.393 249.015 134.92 248.696 135.277 248.195 135.279 248.192 135.854 247.897 136.149 247.322 136.229 247.166 136.678 246.767 136.948 246.23 137.047 246.034 137.8 245.181 138.359 244.547 138.904 243.93 139.241 243.179 139.69 242.77 139.947 242.22 140.037 242.027 140.402 241.578 140.919 240.94 141.258 240.192 141.715 239.788 141.973 239.235 142.062 239.045 143.101 237.748 143.672 237.033 144.69 235.762 145.365 234.28 125.193 221.265 118.405 244.291 123.06 247.805 127.049 252.059 
7
214.067 156.972 210.503 147.984 201.18 150.55 202.424 155.069 202.373 155.463 202.172 157.022 208.127 158.8 
9
187.8 196.961 185.019 191.138 179.678 187.515 177.849 190.211 176.68 191.934 176.255 192.196 176.025 192.639 175.883 192.911 181.106 197.1 
5
97.3732 250.197 90.9812 248.908 85.7355 245.034 85.0145 246.011 90.2616 250.856 
6
31.6888 166.716 36.9995 171 26.7741 154.966 30.9855 173.511 31.0071 173.506 31.1232 173.516 
8
258.803 440.864 259.033 440.871 259.851 440.897 260.395 440.286 256.043 429.282 246.688 436.528 253.693 435.871 257.799 441.586 
17
78.3725 99.5122 98.1292 51.7173 66.0354 92.2718 65.686 92.3353 65.0282 92.4549 65.1628 93.1098 64.8736 93.9083 64.8121 94.0133 64.4756 94.5884 64.1757 95.1008 64.0256 95.6752 63.9428 95.9919 63.9088 96.3175 63.8396 96.9802 63.7448 97.8889 63.2524 99.0593 70.725 102.203 
6
190.915 155.802 191.991 155.754 192.928 148.422 193.185 141.035 182.951 146.783 188.597 157.074 
12
164.331 233.484 165.976 231.849 166.329 231.499 166.905 230.927 167.246 230.19 167.72 229.783 167.99 229.22 168.07 229.053 161.904 223.581 153.7 222.779 158.886 228.258 164.202 233.611 
10
178.173 343.084 179.239 341.238 183.882 333.192 183.994 332.999 184.097 332.801 193.984 313.849 160.784 296.53 166.02 333.608 170.155 340.835 178.12 343.257 
16
223.699 154.008 226.137 144.23 220.153 142.738 217.207 140.858 216.77 140.155 216.065 139.721 215.618 139.445 214.979 139.052 214.264 138.825 213.941 138.722 213.061 138.442 212.139 138.391 211.234 138.34 211.04 138.329 210.503 147.984 214.067 156.972 
13
25.3681 187.48 23.7982 178.305 22.9891 178.443 21.6095 178.083 21.2288 177.983 19.9666 177.654 18.6635 177.594 16.9901 177.518 15.3564 177.888 14.9728 177.975 12.9897 178.425 15.9266 194.078 31.8529 194.159 
4
202.86 126.063 201.725 135.474 203.338 125.188 195.568 132.119 
10
35.1118 214.076 35.991 213.965 36.7761 213.554 37.4551 213.199 37.9623 212.933 39.6335 212.557 37.4059 202.655 31.8529 194.159 18.016 205.697 32.0278 217.021 
6
239.151 185.953 226.964 188.664 227.542 191.261 227.644 194.137 237.745 193.778 247.78 194.976 
6
256.043 429.282 267.425 426.044 266.539 422.931 266.595 418.948 245.22 414.805 246.688 436.528 
6
25.9998 307.746 33.9841 274.713 0 274.713 0 307.746 0 324.464 18.3749 324.464 
4
264.694 138.701 276.065 146.143 265.053 129.673 252.768 145.217 
5
36.6864 322.938 36.5574 320.912 21.905 321.845 25.9998 307.746 18.3749 324.464 
5
112.049 212.428 94.9741 240.07 96.7363 241.229 109.033 232.415 118.405 244.291 
6
31.8529 194.159 15.9266 194.078 0 194.078 0 194.159 0 205.697 18.016 205.697 
5
245.22 414.805 223.674 417.938 223.462 420.159 239.746 421.716 246.688 436.528 
5
279.148 459.344 264.591 444.688 261.671 462.223 261.671 480 279.148 480 
23
66.2478 407.18 46.7367 408.446 30.9265 396.943 30.5818 397.334 29.6004 398.447 29.0667 399.052 28.7271 399.784 28.2502 400.199 27.9934 400.777 27.9213 400.939 24.2254 405.019 22.7944 406.599 22.2505 407.199 21.9229 407.94 20.2806 409.846 18.7808 411.587 18.2523 412.201 17.9256 412.942 16.528 414.562 14.7821 416.585 14.2521 417.199 13.9241 417.941 45.8818 440.742 
8
265.822 128.517 245.884 124.265 245.744 124.925 245.529 125.932 245.418 126.956 245.355 127.543 265.053 129.673 276.065 146.143 
8
89.2323 166.044 66.9831 164.613 45.5452 158.489 43.3245 166.264 43.0989 167.054 42.9281 167.857 42.7011 168.925 66.3674 173.957 
4
125.193 221.265 149.199 221.14 116.948 210.298 118.405 244.291 
14
136.417 194.624 140.031 165.41 139.007 165.067 138.116 164.769 137.768 164.443 137.327 164.261 136.895 164.082 135.958 163.695 134.946 163.647 131.17 163.467 130.231 163.422 130.034 163.413 125.23 197.053 149.199 221.14 
4
112.049 212.428 118.405 244.291 116.948 210.298 93.0793 186.05 
4
125.23 197.053 93.0793 186.05 116.948 210.298 149.199 221.14 
8
151.241 336.502 151.83 336.474 154.981 336.322 158.034 335.526 153.312 298.598 130.082 269.507 148.202 300.61 149.934 336.565 
5
97.0262 437.086 66.2478 407.18 45.8818 440.742 45.8818 480 97.0262 480 
6
160.784 296.53 146.917 261.747 146.312 261.913 143.516 262.682 153.385 298.584 166.02 333.608 
5
98.1292 51.7173 98.1292 0 57.7162 0 57.7162 46.5109 66.0354 92.2718 
5
98.1292 51.7173 98.1292 0 116.747 0 116.747 57.155 78.3725 99.5122 
6
140.655 71.5078 139.094 3.23712 138.027 3.26151 133.929 2.64393 116.747 57.155 78.3725 99.5122 
7
195.405 112.569 195.901 111.924 196.236 111.182 140.655 71.5078 78.3725 99.5122 139.948 77.8432 194.245 114.076 
