6
480 55.9881 480 55.7541 478.892 55.7541 479.975 55.9881 479.987 55.9908 480 55.9908 
5
120.279 0 120.218 0 120.218 0.0213855 120.238 0.028702 120.279 0.0436284 
5
351.372 0.052242 351.422 0.0499148 351.422 0 351.317 0 351.317 0.0547968 
5
293.318 0.053955 293.362 0.0452397 293.362 0 293.252 0 293.252 0.0668297 
5
207.898 0.062951 207.943 0.0472628 207.943 0 207.809 0 207.809 0.094229 
5
182.476 0.069193 182.545 0.0689104 182.545 0 182.407 0 182.407 0.069478 
5
241.537 0.928907 242.292 0.771112 242.292 0 240.394 0 240.394 1.1679 
6
0.939505 242.68 1.34108 241.4 0 241.4 0 242.68 0 243.37 0.723007 243.37 
5
152.593 0 149.591 0 149.591 0.532978 149.927 0.946609 152.593 4.22738 
6
0.992888 96.995 0.54168 96.6953 0 96.6953 0 96.995 0 100.284 5.94473 100.284 
5
77.9729 0.994884 78.7857 0.829482 78.7857 0 76.7552 0 76.7552 1.24268 
6
1.04371 263.222 1.54264 261.762 0 261.762 0 263.222 0 263.968 0.788643 263.968 
6
1.06038 130.893 1.5117 129.45 0 129.45 0 130.893 0 131.672 0.816588 131.672 
21
252.801 184.071 256.879 182.13 257.01 177.616 255.455 177.571 254.929 177.555 254.684 177.548 254.086 177.531 253.544 177.783 253.031 178.022 252.669 178.457 252.512 178.645 252.157 179.071 251.976 179.594 251.804 180.092 251.663 180.497 251.511 180.937 251.493 181.402 251.487 181.571 251.445 182.647 251.429 183.075 251.2 184.833 
12
348.989 147.998 354.979 143.946 348.095 141.729 346.805 145.735 346.731 145.965 346.721 146.206 346.704 146.611 346.689 146.956 346.824 147.273 347.143 148.023 347.114 148.205 348.08 148.361 
5
406.679 144.94 406.814 145.46 432.809 138.695 406.305 143.057 397.379 145.808 
18
90.0896 23.0159 94.6505 21.8538 93.5287 17.2828 92.87 17.4445 92.4873 17.5384 91.8424 17.6967 91.3075 18.0903 90.5217 18.6686 90.1723 19.5796 90.0312 19.9475 90.0086 20.0063 90.0037 20.009 89.4411 20.3228 89.2287 20.931 89.1629 21.1194 89.1156 21.144 87.6318 21.916 88.4248 23.4401 
17
455.971 110.217 456.044 108.547 454.641 107.639 454.392 108.024 454.281 108.195 454.222 108.39 453.861 109.574 453.777 109.85 453.74 109.872 453.244 110.17 453.02 110.703 452.919 110.945 452.43 111.29 452.146 111.817 452.041 112.011 452.034 112.023 455.764 114.96 
20
112.899 145.941 113.217 145.466 113.496 145.051 113.42 144.557 113.416 144.533 113.381 144.301 113.341 144.043 113.204 143.82 113.058 143.583 112.091 142.011 110.27 142.962 110.88 144.923 110.478 145.048 110.588 145.454 110.686 145.815 110.368 146.037 110.289 146.417 110.251 146.601 109.516 150.152 115.325 151.355 
11
34.103 176.382 33.9979 175.035 31.9129 160.509 28.3805 174.752 29.9273 175.136 30.8647 175.694 31.0895 175.828 31.3381 175.909 31.9413 176.107 32.4125 176.588 33.1375 177.328 
9
39.9909 239.838 39.9232 237.944 39.8125 234.849 36.7276 235.118 36.7781 235.698 36.8019 235.971 36.8835 236.233 37.6381 238.656 38.1817 240.401 
7
271.295 22.6041 270.9 21.9805 270.82 20.9689 272.205 16.4811 260.042 12.7282 268.484 22.2543 269.746 23.5855 
11
184.822 17.3235 184.671 16.9417 184.544 15.1878 184.524 14.9167 184.397 14.6764 184.152 14.2134 184.044 14.0082 183.865 13.0717 181.962 13.435 181.959 15.3723 181.954 18.4557 
6
143.031 111.005 146.654 108.185 142.542 106.142 140.701 109.847 140.196 110.864 141.583 111.552 
9
185.478 10.0015 185.981 7.90084 186.457 3.96474 182.492 3.98101 182.499 5.69449 182.5 5.92086 182.542 6.14322 182.987 8.47242 183.356 10.4066 
26
447.371 114.365 448.051 114.291 448.31 114.264 449.392 114.147 449.985 114.083 450.484 113.757 450.814 113.541 451.061 113.234 451.743 112.386 452.034 112.023 452.255 111.614 452.379 111.385 452.43 111.29 447.478 108.501 441.997 110.003 440.153 110.781 439.617 112.709 441.128 113.129 442.034 113.381 442.06 113.388 442.086 113.394 445.572 114.251 446.036 114.365 446.513 114.384 446.659 114.389 447.016 114.403 
12
284.048 33.0335 284.5 32.7476 285.272 32.259 285.851 31.8923 285.945 31.2131 285.975 30.9959 285.941 30.7793 285.798 29.8771 285.678 29.123 282.578 29.6145 280.801 32.2027 281.577 35.9302 
11
312.985 159.188 312.992 156.994 310.854 154.463 308.873 157.119 308.88 157.135 309.175 157.827 309.836 158.186 309.998 158.655 310.08 158.892 310.225 159.096 311.198 160.462 
8
199.664 118.405 199.859 114.947 200.138 114.041 200.526 113.352 186.705 105.569 196.281 118.214 197.946 118.582 199.649 118.678 
12
103.96 17.0491 107.407 15.2314 105.329 11.9344 103.495 13.0904 103.074 13.3558 102.807 13.7761 102.766 13.8415 102.214 13.9332 101.993 13.9698 101.787 14.0566 99.4912 15.0243 100.789 18.1036 
6
403.663 126.11 403.72 122.153 399.744 122.096 400.084 126.058 400.362 129.3 403.616 129.347 
11
324.048 145.294 324.265 142.748 321.865 141.87 321.847 141.92 320.941 143.43 320.721 143.797 320.612 143.856 320.147 144.105 319.83 144.526 319.655 144.758 321.674 146.484 
7
59.5931 71.9219 59.5481 70.921 60.5036 66.8773 60.7966 65.6375 58.8078 65.1675 56.9599 66.0399 50.8214 72.3183 
12
150.52 275.078 150.55 274.944 150.56 274.807 150.601 274.223 150.873 270.357 150.899 269.985 150.854 269.615 150.528 266.94 142.769 267.415 146.953 273.966 148.127 275.805 150.258 276.273 
13
167.708 15.3478 167.048 15.3467 166.063 14.895 165.325 14.2548 165.01 13.9815 164.617 13.8432 164.297 13.7309 163.941 13.6057 163.564 13.602 160.708 13.5736 160.673 17.1508 164.126 18.0849 167.702 19.0521 
6
188.257 26.5895 191.228 26.5463 192.503 22.42 188.202 22.81 185.187 23.6189 186.04 26.6218 
6
143.339 12.065 142.067 10.6135 140.563 9.405 140.353 9.6663 138.172 12.3806 140.899 14.5708 
21
192.688 123.658 192.98 122.993 194.983 119.996 195.419 119.632 196.092 119.07 196.281 118.214 186.705 105.569 178.438 119.106 179.982 120.049 181.069 120.899 182.111 121.714 183.354 122.165 184.05 122.417 185.718 123.023 186.023 123.133 186.346 123.157 186.996 123.205 187.578 122.911 189.162 122.112 190.141 124.053 192.133 124.926 
9
320.704 148.956 321.674 146.484 319.655 144.758 319.419 144.871 319.061 145.043 318.788 145.33 317.888 146.276 315.928 148.334 318.089 150.391 
10
303.577 68.94 303.879 67.7918 304.045 67.1598 304.084 67.011 304.1 66.858 304.138 66.4941 302.097 66.2819 300.113 66.802 298.462 71.4781 303.413 71.7655 
21
15.1846 140.831 15.1735 140.812 14.7955 140.178 14.1587 139.804 13.0555 139.157 12.9091 139.071 12.7514 139.008 12.2158 138.794 12.1728 138.721 11.8429 138.156 11.2578 137.864 11.1733 137.822 10.8378 137.167 10.1908 136.816 10.179 136.81 9.8713 136.144 9.26326 135.733 9.25217 135.726 5.29913 139.255 9.84455 141.979 12.7737 142.61 
10
191.062 167.01 195.286 162.887 189.721 160.919 188.707 163.786 188.464 163.906 188.112 164.079 187.847 164.368 187.552 164.691 187.03 164.949 188.28 167.478 
8
291.974 160.218 293.012 155.527 288.324 156.58 288.432 157.06 287.993 159.503 287.746 160.881 286.897 162.761 291.001 164.616 
14
354.979 135.439 348.099 132.865 347.745 133.811 347.191 134.14 346.893 134.711 346.818 134.856 346.814 134.864 346.754 134.899 346.258 135.187 345.964 135.68 345.84 135.888 345.086 136.113 345.851 138.678 348.516 138.931 
5
291.627 138.764 293.661 138.746 293.596 130.948 273.039 125.69 289.601 138.954 
23
367.21 118.645 367.192 117.915 367.151 116.202 367.144 115.914 367.069 115.635 366.941 115.157 366.736 114.39 366.135 113.871 366.11 113.849 365.829 113.209 365.225 112.857 365.161 112.819 364.811 112.191 364.152 111.904 364.126 111.893 363.444 111.427 362.91 111.062 362.286 110.891 362.039 110.824 359.796 109.777 357.063 115.632 363.07 118.014 365.084 118.696 
7
385.9 156.983 391.109 149.833 382.348 151.059 382.34 153.047 381.603 155.854 381.296 157.023 383.603 157.629 
14
138.549 53.9412 137.538 50.0703 137.233 48.9054 136.533 47.9256 135.081 45.8927 134.817 45.2174 134.213 44.816 134.184 44.7966 133.597 43.5074 133.334 42.9284 133.312 41.891 129.725 41.9673 129.187 45.5141 127.468 56.8379 
5
323.792 148.304 324.048 145.294 321.674 146.484 320.704 148.956 321.143 149.757 
10
163.394 193.078 167.952 193.05 168.463 188.52 163.99 188.016 163.098 187.774 161.26 186.814 161.186 186.698 160.825 186.127 160.216 185.835 153.41 193.14 
11
153.007 89.3436 153.331 89.0602 153.612 88.7343 153.911 88.3874 154.213 88.0371 154.464 87.6486 154.81 87.1128 148.578 83.0901 145.788 89.9622 148.517 90.1058 151.094 91.018 
13
13.5523 169.059 14.9483 166.063 18.4239 156.902 8.62638 156.974 8.65706 161.199 8.66248 161.945 8.88314 162.658 8.98857 162.998 9.48424 166.779 9.59535 167.627 9.63482 167.928 9.73744 168.214 10.4419 170.176 
6
60.7028 120.988 63.5399 120.937 63.6254 114.953 65.1414 108.106 34.7776 101.383 58.0545 122.007 
7
187.469 169.064 185.748 165.582 184.986 165.959 183.165 166.543 180.005 167.556 181.172 171.194 184.91 171.986 
10
357.529 105.921 364.549 97.8409 354.178 95.1928 351.811 104.461 351.753 104.69 351.683 104.964 351.666 105.247 351.647 105.574 351.624 105.964 354.578 106.138 
21
421.98 109.207 423.018 105.387 419.912 102.933 417.81 105.032 416.907 105.934 416.264 106.183 415.79 106.684 415.705 106.773 415.692 106.787 415.055 107.039 414.522 107.47 414.473 107.51 413.929 107.95 413.285 108.2 412.817 108.708 412.725 108.807 412.091 109.065 411.695 109.623 411.094 110.468 408.581 114.007 418.72 121.207 
5
371.827 5.97314 376.215 4.59852 376.215 0 364.825 0 364.825 7.09077 
9
283.716 39.4468 283.945 39.4107 284.166 39.3429 285.826 38.8339 286.605 38.5952 285.7 35.6428 284.048 33.0335 281.577 35.9302 282.171 39.691 
8
292.154 106.764 289.107 101.947 288.745 100.953 288.665 99.9495 289.379 97.4316 283.684 95.817 282.339 101.581 282.73 112.725 
7
388.674 148.406 386.599 141.956 382.011 143.432 381.073 143.384 379.203 142.848 372.099 149.879 382.093 150.018 
7
196.632 72.9281 196.515 66.9294 196.83 65.4 197.091 64.135 193.7 63.4366 190.294 64.0536 180.168 77.986 
6
191.924 172.133 191.707 170.842 191.299 168.42 187.469 169.064 184.91 171.986 188.403 172.726 
9
174.67 236.371 165.179 233.613 165.003 234.217 164.783 234.975 164.696 235.76 164.334 239.041 163.24 241.953 166.613 243.22 169.77 244.955 
8
146.094 283.063 143.538 280.469 141.577 277.399 141.029 277.749 140 277.996 139.047 277.919 137.902 277.473 129.908 297.985 
6
281.989 39.7198 282.171 39.691 281.577 35.9302 280.801 32.2027 278.262 35.9012 280.011 40.0324 
6
148.578 83.0901 141.841 79.9884 138.743 86.7186 138.121 88.0695 141.773 89.751 145.788 89.9622 
52
211.037 110.503 211.066 110.406 211.181 110.02 211.217 109.619 211.278 108.925 211.543 105.941 211.91 104.863 212.197 104.022 212.228 103.134 212.369 99.0453 212.437 97.077 211.719 95.243 211.595 94.9263 211.5 93.0887 210.858 91.3642 210.783 91.1619 210.773 91.1344 210.399 90.1301 210.018 89.1076 209.739 88.3574 209.119 87.851 208.827 87.1921 208.196 86.8434 208.163 86.825 207.836 86.1715 207.187 85.836 207.167 85.8257 206.834 85.171 206.183 84.8313 206.17 84.8246 205.832 84.172 205.182 83.8291 205.172 83.8238 204.831 83.1733 204.183 82.8281 204.173 82.8229 203.831 82.1742 203.184 81.8285 203.173 81.8225 202.831 81.174 202.184 80.8293 202.172 80.8229 201.833 80.1724 201.183 79.8315 201.17 79.8244 200.836 79.1709 200.184 78.8335 200.168 78.8251 183.535 95.5402 203.412 108.227 206.922 110.204 210.782 111.356 
5
186.457 3.96474 186.457 0 186.913 0 186.913 4.00545 185.981 7.90084 
5
146.96 109.52 151.161 109.566 151.167 109.03 146.654 108.185 143.031 111.005 
5
192.329 21.7029 196.408 20.4338 196.627 21.1371 192.503 22.42 188.202 22.81 
26
223.961 48.3796 223.721 40.0048 215.905 36.9861 215.58 37.7895 215.252 38.302 214.844 38.9387 214.795 39.6932 214.778 39.9648 214.811 40.2349 214.884 40.8391 214.998 41.7733 215.028 42.0189 214.826 42.8815 214.142 43.0965 214.143 43.8135 214.143 44.1008 214.106 44.2436 213.926 44.9474 214.057 45.662 214.21 46.4926 214.348 47.2453 213.797 47.8605 213.547 48.6477 213.442 48.9784 213.069 50.1549 221.859 69.7832 
5
4.97812 140.93 0 140.93 0 139.255 5.29913 139.255 9.84455 141.979 
12
111.446 73.0853 111.337 71.5043 111.306 71.0589 111.2 70.625 110.543 67.9214 110.317 63.0225 110.272 62.0463 110.051 61.0945 109.754 59.8215 98.0981 62.5341 101.322 74.0593 106.491 74.6849 
5
117.13 148.779 121.93 150.485 120.915 153.342 115.325 151.355 112.899 145.941 
42
77.313 105.035 77.3307 103.902 77.3375 103.468 77.358 102.163 77.4735 94.7814 77.5 93.0896 76.8238 91.5386 76.617 91.064 76.1345 89.9572 75.82 89.2358 75.1517 88.8202 74.839 88.1801 74.211 87.8438 74.1653 87.8193 73.8394 87.1716 73.1966 86.8361 73.1698 86.8221 72.838 86.1669 72.1844 85.832 72.172 85.8256 71.8359 85.1645 71.1742 84.8295 71.1728 84.8288 71.17 84.8234 70.8324 84.1653 70.1722 83.8318 70.1667 83.8212 69.8278 83.1677 69.1683 82.8406 68.7865 82.1921 68.1391 81.8084 67.4013 81.371 66.9028 81.0755 66.3639 80.8627 66.218 80.8051 66.2092 80.7901 65.8351 80.1567 65.1765 79.829 53.0111 91.9935 67.0047 102.001 71.3669 105.121 76.6632 105.963 
58
221.859 69.7832 213.069 50.1549 207.839 48.4954 202.356 48.2851 202.3 49.7419 202.246 51.1469 201.712 52.7822 201.305 53.2321 201.088 53.7987 200.82 54.4997 200.712 54.7809 200.296 55.2259 200.053 55.7843 199.666 56.6717 199.641 56.7288 199.177 57.1341 198.979 57.7174 198.416 59.3717 197.864 60.9943 197.543 61.9389 197.342 62.9161 197.079 64.1898 196.925 64.941 196.87 65.2084 196.515 66.9294 196.549 68.6862 196.572 69.8689 196.597 71.1459 196.632 72.9281 197.301 74.5802 197.349 74.6967 197.904 76.0682 198.191 76.7758 198.845 77.1697 199.168 77.8224 199.814 78.1589 199.837 78.171 200.168 78.8251 200.819 79.1621 200.836 79.1709 201.17 79.8244 201.82 80.1655 201.833 80.1724 202.172 80.8229 202.819 81.1678 202.831 81.174 203.173 81.8225 203.82 82.1681 203.831 82.1742 204.173 82.8229 204.82 83.1676 204.831 83.1733 205.172 83.8238 205.822 84.1665 205.832 84.172 206.17 84.8246 206.822 85.1645 206.834 85.171 
6
196.497 166.095 201.842 164.747 201.733 164.318 201.008 161.444 195.286 162.887 191.062 167.01 
9
395.61 135.985 393.458 128.072 391.965 128.478 390.54 128.696 390.041 128.772 389.56 128.925 388.985 129.107 390.194 135.119 389.266 141.18 
5
356.996 115.957 350.594 115.577 350.613 115.25 357.063 115.632 363.07 118.014 
7
478.57 65.4619 478.684 61.9619 479.752 57.0216 468.995 54.6968 465.198 65.0266 471.798 66.3885 478.533 66.6077 
5
355.345 145.459 362.189 145.552 362.209 144.044 354.979 143.946 348.989 147.998 
6
362.276 139.117 362.324 135.539 354.979 135.439 348.516 138.931 355.377 139.583 362.268 139.676 
10
91.3016 93.7298 84.3987 93.554 77.4944 93.4459 77.4934 93.5136 77.313 105.035 76.6632 105.963 76.5867 107.093 76.4305 109.401 76.3198 111.036 96.3854 113.269 
9
185.417 246.105 185.445 245.069 185.203 244.061 184.697 241.948 184.551 236.123 174.67 236.371 169.77 244.955 177.04 248.951 185.333 249.178 
14
93.6715 73.1334 101.322 74.0593 98.0981 62.5341 86.3918 60.047 85.4286 62.0515 85.4521 64.2753 85.4553 64.5707 85.5371 72.2996 85.5438 72.9349 85.5542 73.9123 85.8858 74.8318 86.0896 75.397 86.2574 75.8625 86.6071 76.2126 
6
406.305 143.057 404.362 136.622 403.549 133.93 395.61 135.985 389.266 141.18 397.379 145.808 
4
390.329 149.286 382.348 151.059 391.109 149.833 389.266 141.18 
8
457.138 62.9331 465.198 65.0266 464.044 49.112 448.1 49.7379 448.606 62.641 448.657 63.9394 449.093 65.1636 449.292 65.7247 
7
371.806 89.9731 363.238 87.6128 354.353 87.826 354.415 90.3904 354.5 93.9317 354.178 95.1928 364.549 97.8409 
4
391.109 149.833 385.9 156.983 396.015 150.878 389.266 141.18 
11
113.08 101.915 113.074 101.896 112.839 101.173 112.381 100.566 112.112 99.9285 111.813 99.2177 111.248 98.6926 108.989 91.3896 100.344 94.0634 91.3016 93.7298 96.3854 113.269 
5
407.45 147.902 406.679 144.94 397.379 145.808 389.266 141.18 396.015 150.878 
4
372.099 149.879 362.142 149.019 371.995 151.957 382.093 150.018 
24
387.184 105.901 371.806 89.9731 364.549 97.8409 357.529 105.921 357.683 108.01 357.701 108.259 357.805 108.486 358.017 108.947 358.477 109.162 360.375 110.047 361.475 110.561 362.039 110.824 362.64 110.988 362.91 111.062 363.236 111.284 363.509 111.472 364.126 111.893 364.811 112.191 365.161 112.819 365.782 113.181 365.829 113.209 366.11 113.849 366.639 114.306 366.736 114.39 
11
157.148 64.4141 141.512 65.7019 141.613 66.9256 141.697 67.945 141.92 68.9432 142.123 69.8513 142.524 71.6428 142.821 72.9711 143.753 73.963 154.492 72.1496 162.973 78.9811 
5
468.995 54.6968 480 54.6968 480 49.112 464.044 49.112 465.198 65.0266 
8
87.2966 49.2155 87.6875 48.7708 87.8321 48.1966 88.1135 47.0791 76.4299 40.429 64.5463 46.7148 75.5467 48.4456 86.3244 51.2467 
5
397.04 153.851 408.24 150.937 407.45 147.902 396.015 150.878 385.9 156.983 
30
180.168 77.986 190.294 64.0536 190.107 63.0212 189.31 62.3388 188.932 62.0151 188.925 61.8637 188.892 61.1099 188.195 60.821 187.734 60.1828 187.058 59.7786 186.824 59.6383 186.759 59.5998 185.947 59.1138 185.019 58.9267 182.992 58.5181 180.826 58.0815 179.391 57.7924 177.859 57.4835 177.744 57.4603 177.512 57.3912 176.889 57.2056 176.24 57.1668 174.996 57.0923 173.837 57.5497 173.611 57.6386 172.996 57.8812 172.887 57.9243 170.972 56.9964 157.148 64.4141 162.973 78.9811 
5
464.982 15.0177 464.982 0 437.244 0 437.244 17.1145 452.925 23.9704 
16
76.4299 40.429 79.0194 27.2371 78.0913 26.7928 77.0865 25.9123 76.7881 25.2424 76.2196 24.7791 76.1879 24.7533 76.0858 24.5628 75.8795 24.1779 75.4519 24.0894 75.0809 23.0159 74.9565 21.9919 74.4707 21.0819 74.4663 21.0738 48.977 25.9519 64.5463 46.7148 
5
260.042 12.7282 260.042 0 259.614 0 259.614 12.8949 268.484 22.2543 
6
480 23.9704 480 15.0177 464.982 15.0177 452.925 23.9704 465.871 29.6304 480 29.6304 
5
308.084 136.436 296.349 143.857 296.282 143.751 308.035 136.319 321.568 133.123 
5
32.86 160.446 32.5327 145.817 31.5846 145.838 31.9129 160.509 33.9979 175.035 
5
197.79 75.7873 196.632 72.9281 180.168 77.986 162.973 78.9811 180.864 82.6454 
5
161.235 298.428 146.094 283.063 129.908 297.985 129.908 320 161.235 320 
5
270.86 134.713 251.65 134.342 251.825 125.28 273.039 125.69 289.601 138.954 
34
28.1489 145.915 31.8205 145.833 31.9117 145.831 39.1593 145.668 38.7178 125.941 58.0545 122.007 29.59 113.923 8.90984 135.087 9.25217 135.726 9.85298 136.132 9.8713 136.144 10.179 136.81 10.824 137.16 10.8378 137.167 11.1733 137.822 11.8318 138.15 11.8429 138.156 12.2158 138.794 12.902 139.068 12.9091 139.071 13.9311 139.671 14.6611 140.099 14.7955 140.178 14.8149 140.211 15.1846 140.831 15.836 141.143 16.2499 141.803 16.968 142.105 18.5355 142.765 20.8804 143.752 24.2654 145.176 25.9882 145.901 27.8573 145.917 28.0031 145.918 
10
224.61 70.9896 223.961 48.3796 221.859 69.7832 206.834 85.171 207.167 85.8257 207.82 86.163 207.836 86.1715 208.163 86.825 208.803 87.1786 208.827 87.1921 
6
407.599 115.39 411.961 109.248 393.537 96.165 371.806 89.9731 387.184 105.901 405.235 118.72 
5
184.245 97.4334 203.412 108.227 183.535 95.5402 176.7 118.108 176.907 118.171 
5
430.106 135.87 436.766 111.916 440.003 112.816 432.809 138.695 406.305 143.057 
5
48.977 25.9519 48.977 0 47.7352 0 47.7352 26.3823 64.5463 46.7148 
5
29.59 113.923 0 113.923 0 107.776 30.7715 107.776 58.0545 122.007 
5
34.7776 101.383 7.16411 87.0773 4.97889 90.9942 30.7715 107.776 58.0545 122.007 
