480 0
480 320
0 320
0 0
479.987 55.9908
120.218 0.0213855
120.279 0.0436284
293.362 0.0452396
207.943 0.0472628
351.422 0.0499148
351.317 0.0547968
293.252 0.0668296
182.545 0.0689103
182.407 0.069478
207.809 0.094229
322.433 133.85
149.591 0.532978
0.54168 96.6953
0.723007 243.37
214.272 41.9777
242.292 0.771112
277.62 2.13719
0.788643 263.968
0.816588 131.672
78.7857 0.829482
348.08 148.361
478.892 55.7541
240.394 1.1679
363.544 132.371
76.7552 1.24268
1.34108 241.4
34.103 176.382
185.727 177.99
1.5117 129.45
1.54264 261.762
141.583 111.552
363.434 29.1004
367.244 62.6542
172.986 56.1227
456.044 108.547
197.946 118.582
88.4248 23.4401
251.2 184.833
269.746 23.5855
290.069 173.556
39.9909 239.838
142.067 10.6135
181.962 13.435
440.153 110.781
291.627 138.764
58.8078 65.1675
302.097 66.2819
110.27 142.962
365.084 118.696
185.478 10.0015
190.141 124.053
148.127 275.805
312.985 159.188
340.684 153.946
383.603 157.629
324.265 142.748
321.674 146.484
345.851 138.678
148.517 90.1058
188.28 167.478
60.7028 120.988
354.578 106.138
318.089 150.391
12.7737 142.61
323.792 148.304
181.954 18.4557
285.7 35.6428
39.8125 234.849
185.187 23.6189
282.578 29.6145
400.362 129.3
170.218 51.9788
13.5523 169.059
310.854 154.463
100.789 18.1036
308.572 167.305
193.7 63.4366
204.851 212.608
140.899 14.5708
188.403 172.726
160.673 17.1508
129.725 41.9673
166.613 243.22
143.538 280.469
115.579 98.724
167.702 19.0521
8.46058 261.82
281.577 35.9302
181.172 171.194
187.469 169.064
107.407 15.2314
423.018 105.387
186.457 3.96474
399.744 122.096
186.913 4.00545
365.01 193.465
141.773 89.751
206.922 110.204
280.57 65.2288
406.763 49.4293
277.744 191.239
146.96 109.52
152.593 4.22738
192.329 21.7029
192.503 22.42
171.272 262.088
278.262 35.9012
291.001 164.616
256.879 182.13
167.952 193.05
146.654 108.185
376.215 4.59852
321.192 211.732
94.6505 21.8538
316.868 160.729
80.6426 22.5053
455.764 114.96
293.012 155.527
148.958 11.4805
142.29 182.088
298.462 71.4781
4.97812 140.93
117.13 148.779
29.3875 253.179
106.491 74.6849
5.29913 139.255
327.567 140.237
325.888 129.081
71.3669 105.121
207.839 48.4954
196.497 166.095
291.596 165.803
114.555 183.413
447.478 108.501
5.71693 258.778
195.286 162.887
283.684 95.817
115.325 151.355
5.94473 100.284
139.473 271.673
390.194 135.119
145.117 157.789
244.85 259.011
149.643 9.25866
356.996 115.957
357.063 115.632
342.229 129.99
471.798 66.3885
287.743 6.76273
179.738 22.1395
388.674 148.406
340.416 143.298
355.345 145.459
355.377 139.583
84.3987 93.554
153.567 6.9692
402.375 187.243
364.825 7.09077
294.927 153.605
50.6323 139.332
354.979 143.946
354.979 135.439
177.491 176.131
148.578 83.0901
122.492 33.1756
175.017 7.68019
93.6715 73.1334
273.145 35.104
142.769 267.415
159.749 108.511
390.329 149.286
395.61 135.985
277.59 179.397
177.04 248.951
142.209 267.123
457.138 62.9331
223.721 40.0048
141.705 39.4172
139.748 22.2531
98.8659 24.5204
50.8214 72.3183
391.109 149.833
201.955 8.86984
363.238 87.6128
124.638 33.3651
395.372 24.605
100.344 94.0634
361.879 9.06414
88.3668 9.18965
373.053 28.4666
397.379 145.808
125.487 9.50962
180.816 157.165
115.453 16.9639
171.853 25.148
18.4239 156.902
174.67 236.371
153.41 193.14
372.099 149.879
381.858 10.1792
38.1344 165.256
371.995 151.957
299.82 99.5918
377.566 115.663
74.599 166.656
364.549 97.8409
188.688 37.5901
433.378 99.821
154.492 72.1496
468.995 54.6968
75.5467 48.4456
282.73 112.725
131.275 169.935
20.0372 155.786
127.468 56.8379
11.477 234.947
397.04 153.851
396.015 150.878
98.0981 62.5341
175.742 199.01
418.72 121.207
286.238 80.9363
150.7 194.276
260.042 12.7282
259.614 12.8949
269.312 158.436
333.576 168.029
76.4299 40.429
306.219 184.474
50.2158 186.315
226.942 13.5562
268.611 261.795
308.084 136.436
308.035 136.319
188.14 45.2025
465.871 29.6304
273.894 157.07
335.527 121.792
32.86 160.446
36.6361 160.389
31.9129 160.509
255.648 14.6756
124.835 59.7633
305.991 99.8481
464.982 15.0177
157.148 64.4141
186.705 105.569
271.888 155.388
464.044 49.112
437.244 17.1145
53.0111 91.9935
180.168 77.986
167.977 99.1374
155.516 48.0319
155.313 48.2165
168.882 99.4195
461.743 128.165
180.864 82.6454
93.9599 136.017
233.46 189.71
270.86 134.713
401.856 72.4315
38.7178 125.941
269.538 214.359
96.3854 113.269
426.61 39.6653
85.6293 170.259
273.039 125.69
273.284 121.42
235.559 165.503
221.859 69.7832
161.235 298.428
387.118 106.459
184.245 97.4334
129.908 297.985
387.184 105.901
97.7337 118.098
392.048 71.7157
393.537 96.165
224.61 70.9896
428.177 23.0458
183.535 95.5402
399.752 88.8121
181.858 94.5336
317.652 37.1187
165.807 141.867
430.106 135.87
165.744 143.946
396.174 76.8342
397.667 87.9973
231.347 74.0751
48.977 25.9519
47.7352 26.3823
320.654 26.5949
41.2683 93.594
172.263 293.218
432.809 138.695
33.0767 96.9504
213.836 243.274
28.5232 287.383
29.59 113.923
30.6596 289.34
30.7715 107.776
35.3945 99.5987
34.7776 101.383
35.8118 32.0636
32.4309 32.4309
444.466 149.865
210.478 284.174
106.708 230.903
281.099 283.067
100.372 229.793
98.3646 230.599
82.8527 270.247
83.5245 269.99
326.34 268.16
370.102 258.64
389.427 256.715
416.62 256.62
