6
479.988 55.9881 480 55.9881 480 55.9908 479.987 55.9908 479.975 55.9881 479.988 55.9881
6
479.988 55.9881 480 55.9881 480 55.7541 478.892 55.7541 479.975 55.9881 479.988 55.9881
6
120.238 0.014351 120.238 0 120.279 0 120.279 0.0436284 120.238 0.028702 120.238 0.014351
6
120.238 0.014351 120.238 0 120.218 0 120.218 0.0213855 120.238 0.028702 120.238 0.014351
6
351.372 0.026121 351.372 0 351.422 0 351.422 0.0499148 351.372 0.052242 351.372 0.026121
6
351.372 0.026121 351.372 0 351.317 0 351.317 0.0547968 351.372 0.052242 351.372 0.026121
6
293.318 0.0269775 293.318 0 293.362 0 293.362 0.0452396 293.318 0.053955 293.318 0.0269775
6
293.318 0.0269775 293.318 0 293.252 0 293.252 0.0668296 293.318 0.053955 293.318 0.0269775
6
207.898 0.0314755 207.898 0 207.943 0 207.943 0.0472628 207.898 0.062951 207.898 0.0314755
6
207.898 0.0314755 207.898 0 207.809 0 207.809 0.094229 207.898 0.062951 207.898 0.0314755
6
182.476 0.0345965 182.476 0 182.545 0 182.545 0.0689103 182.476 0.069193 182.476 0.0345965
6
182.476 0.0345965 182.476 0 182.407 0 182.407 0.069478 182.476 0.069193 182.476 0.0345965
6
321.616 133.013 321.726 132.966 320.818 130.846 308.035 136.319 321.568 133.123 321.616 133.013
6
143.506 12.2558 143.688 12.0788 143.979 12.378 143.222 13.1152 143.339 12.065 143.506 12.2558
6
251.865 182.663 251.445 182.647 251.487 181.571 254.315 181.68 251.857 183.083 251.865 182.663
6
299.7 66.9103 299.688 66.4833 298.325 66.5211 298.462 71.4781 300.113 66.802 299.7 66.9103
6
111.01 145.34 110.588 145.454 110.686 145.815 111.642 145.556 110.88 144.923 111.01 145.34
6
241.537 0.464453 241.537 0 242.292 0 242.292 0.771112 241.537 0.928907 241.537 0.464453
6
241.537 0.464453 241.537 0 240.394 0 240.394 1.1679 241.537 0.928907 241.537 0.464453
6
0.469752 242.68 0 242.68 0 241.4 1.34108 241.4 0.939505 242.68 0.469752 242.68
6
0.469752 242.68 0 242.68 0 243.37 0.723007 243.37 0.939505 242.68 0.469752 242.68
6
149.927 0.473305 149.927 0 152.593 0 152.593 4.22738 149.927 0.946609 149.927 0.473305
6
149.927 0.473305 149.927 0 149.591 0 149.591 0.532978 149.927 0.946609 149.927 0.473305
6
0.496444 96.995 0 96.995 0 96.6953 0.54168 96.6953 0.992888 96.995 0.496444 96.995
6
0.496444 96.995 0 96.995 0 100.284 5.94473 100.284 0.992888 96.995 0.496444 96.995
6
77.9729 0.497442 77.9729 0 78.7857 0 78.7857 0.829482 77.9729 0.994884 77.9729 0.497442
6
77.9729 0.497442 77.9729 0 76.7552 0 76.7552 1.24268 77.9729 0.994884 77.9729 0.497442
6
0.521855 263.222 0 263.222 0 261.762 1.54264 261.762 1.04371 263.222 0.521855 263.222
6
0.521855 263.222 0 263.222 0 263.968 0.788643 263.968 1.04371 263.222 0.521855 263.222
6
0.53019 130.893 0 130.893 0 129.45 1.5117 129.45 1.06038 130.893 0.53019 130.893
6
0.53019 130.893 0 130.893 0 131.672 0.816588 131.672 1.06038 130.893 0.53019 130.893
5
252.329 183.577 252.801 184.071 254.315 181.68 251.857 183.083 252.329 183.577
5
252.329 183.577 251.857 183.083 251.839 184.045 252.801 184.071 252.329 183.577
6
321.267 133.817 321.962 133.519 322.023 133.662 320.917 134.135 321.568 133.123 321.267 133.817
6
65.0456 47.3187 64.2833 47.5001 64.4175 48.0643 66.4602 47.5784 64.5463 46.7148 65.0456 47.3187
5
348.066 148.01 347.143 148.023 348.068 148.172 348.989 147.998 348.066 148.01
5
348.066 148.01 348.989 147.998 348.061 147.632 347.143 148.023 348.066 148.01
6
348.068 148.172 347.143 148.023 347.114 148.205 348.08 148.361 348.989 147.998 348.068 148.172
5
406.492 143.999 406.679 144.94 422.557 140.808 406.305 143.057 406.492 143.999
5
406.492 143.999 406.305 143.057 397.379 145.808 406.679 144.94 406.492 143.999
6
251.839 184.045 251.857 183.083 251.429 183.075 251.401 184.556 252.801 184.071 251.839 184.045
5
111.642 145.556 110.686 145.815 111.809 145.592 110.88 144.923 111.642 145.556
6
348.061 147.632 347.143 148.023 346.824 147.273 348.228 146.676 348.989 147.998 348.061 147.632
6
89.6026 22.0799 89.1156 21.144 89.1629 21.1194 89.6502 22.0559 90.0896 23.0159 89.6026 22.0799
6
89.6026 22.0799 89.1156 21.144 87.6318 21.916 88.4248 23.4401 90.0896 23.0159 89.6026 22.0799
5
89.6502 22.0559 90.0896 23.0159 90.5649 21.609 89.1629 21.1194 89.6502 22.0559
6
143.222 13.1152 144.278 13.0785 144.302 13.7629 142.194 13.8362 143.339 12.065 143.222 13.1152
6
454.916 109.896 453.861 109.574 454.222 108.39 455.609 108.812 455.971 110.217 454.916 109.896
6
454.916 109.896 453.861 109.574 453.777 109.85 454.85 110.177 455.971 110.217 454.916 109.896
5
111.792 145.878 110.686 145.815 111.734 146.908 112.899 145.941 111.792 145.878
5
111.792 145.878 112.899 145.941 111.809 145.592 110.686 145.815 111.792 145.878
6
33.2052 175.812 32.4125 176.588 31.9413 176.107 32.807 175.259 33.9979 175.035 33.2052 175.812
6
33.2052 175.812 32.4125 176.588 33.1375 177.328 34.103 176.382 33.9979 175.035 33.2052 175.812
5
454.85 110.177 453.777 109.85 454.659 111.319 455.971 110.217 454.85 110.177
5
111.889 145.432 110.88 144.923 111.809 145.592 112.899 145.941 111.889 145.432
5
111.889 145.432 112.899 145.941 111.953 145.306 110.88 144.923 111.889 145.432
6
111.953 145.306 112.899 145.941 113.217 145.466 112.152 144.752 110.88 144.923 111.953 145.306
6
38.7806 238.3 37.6381 238.656 36.8835 236.233 39.3104 235.477 39.9232 237.944 38.7806 238.3
6
38.7806 238.3 37.6381 238.656 38.1817 240.401 39.9909 239.838 39.9232 237.944 38.7806 238.3
6
320.917 134.135 322.119 134.084 322.16 135.031 318.249 135.199 321.568 133.123 320.917 134.135
5
32.807 175.259 33.9979 175.035 32.4459 174.566 31.9413 176.107 32.807 175.259
5
269.692 22.1174 270.9 21.9805 269.687 22.0764 268.484 22.2543 269.692 22.1174
5
269.692 22.1174 268.484 22.2543 269.758 22.7036 270.9 21.9805 269.692 22.1174
6
269.687 22.0764 270.9 21.9805 270.82 20.9689 269.362 21.0842 268.484 22.2543 269.687 22.0764
6
183.056 14.7929 184.152 14.2134 184.397 14.6764 183.251 15.2816 181.959 15.3723 183.056 14.7929
6
183.056 14.7929 184.152 14.2134 184.044 14.0082 182.938 14.5927 181.959 15.3723 183.056 14.7929
5
182.938 14.5927 184.044 14.0082 182.721 14.2609 181.959 15.3723 182.938 14.5927
6
111.969 144.253 113.058 143.583 113.204 143.82 112.102 144.498 110.88 144.923 111.969 144.253
6
111.969 144.253 113.058 143.583 112.091 142.011 110.435 143.03 110.88 144.923 111.969 144.253
6
112.148 144.728 113.416 144.533 113.42 144.557 112.152 144.752 110.88 144.923 112.148 144.728
6
112.148 144.728 113.416 144.533 113.381 144.301 112.102 144.498 110.88 144.923 112.148 144.728
6
183.251 15.2816 184.544 15.1878 184.671 16.9417 182.782 17.0789 181.959 15.3723 183.251 15.2816
6
141.866 110.426 140.701 109.847 142.542 106.142 146.654 108.185 143.031 111.005 141.866 110.426
6
141.866 110.426 140.701 109.847 140.196 110.864 141.583 111.552 143.031 111.005 141.866 110.426
6
312.996 155.661 314.323 155.786 314.372 155.272 312.371 155.083 312.992 156.994 312.996 155.661
6
182.721 14.2609 184.044 14.0082 183.865 13.0717 181.962 13.435 181.959 15.3723 182.721 14.2609
6
269.758 22.7036 270.9 21.9805 271.295 22.6041 269.746 23.5855 268.484 22.2543 269.758 22.7036
5
161.636 78.7072 162.973 78.9811 154.492 72.1496 162.023 80.0161 161.636 78.7072
6
455.609 108.812 454.392 108.024 454.641 107.639 456.044 108.547 455.971 110.217 455.609 108.812
5
269.362 21.0842 270.82 20.9689 268.987 20.4033 268.484 22.2543 269.362 21.0842
5
251.401 184.556 251.429 183.075 251.2 184.833 252.801 184.071 251.401 184.556
6
90.5649 21.609 89.1629 21.1194 89.2287 20.931 90.8297 21.4901 90.0896 23.0159 90.5649 21.609
6
111.734 146.908 110.251 146.601 109.516 150.152 115.325 151.355 112.899 145.941 111.734 146.908
6
184.484 8.18663 182.987 8.47242 182.542 6.14322 184.945 5.68445 185.981 7.90084 184.484 8.18663
6
184.484 8.18663 182.987 8.47242 183.356 10.4066 185.478 10.0015 185.981 7.90084 184.484 8.18663
6
348.228 146.676 346.704 146.611 346.721 146.206 348.503 146.282 348.989 147.998 348.228 146.676
6
32.4459 174.566 31.9413 176.107 31.3381 175.909 32.0735 173.664 33.9979 175.035 32.4459 174.566
6
441.562 111.566 441.128 113.129 439.617 112.709 440.153 110.781 441.997 110.003 441.562 111.566
6
441.562 111.566 441.128 113.129 442.034 113.381 442.505 111.687 441.997 110.003 441.562 111.566
5
287.954 139.109 289.601 138.954 270.86 134.713 289.322 140.039 287.954 139.109
5
282.424 32.6181 280.801 32.2027 281.577 35.9302 284.048 33.0335 282.424 32.6181
5
282.424 32.6181 284.048 33.0335 282.816 31.0873 280.801 32.2027 282.424 32.6181
5
311.414 157.59 309.836 158.186 311.431 157.635 312.992 156.994 311.414 157.59
5
311.414 157.59 312.992 156.994 310.908 156.25 309.836 158.186 311.414 157.59
6
311.431 157.635 309.836 158.186 309.998 158.655 311.641 158.088 312.992 156.994 311.431 157.635
6
197.973 118.309 199.664 118.405 199.649 118.678 197.946 118.582 196.281 118.214 197.973 118.309
6
197.973 118.309 199.664 118.405 199.859 114.947 196.4 114.752 196.281 118.214 197.973 118.309
6
90.8297 21.4901 90.0037 20.009 90.0086 20.0063 90.836 21.4899 90.0896 23.0159 90.8297 21.4901
5
90.836 21.4899 90.0896 23.0159 93.6772 21.4135 90.0086 20.0063 90.836 21.4899
5
103.363 15.4453 102.766 13.8415 103.051 15.5613 103.96 17.0491 103.363 15.4453
5
103.363 15.4453 103.96 17.0491 104.58 14.9921 102.766 13.8415 103.363 15.4453
6
454.659 111.319 453.777 109.85 453.74 109.872 454.648 111.386 455.971 110.217 454.659 111.319
6
311.641 158.088 310.225 159.096 311.198 160.462 312.985 159.188 312.992 156.994 311.641 158.088
6
103.051 15.5613 102.766 13.8415 102.214 13.9332 102.524 15.8063 103.96 17.0491 103.051 15.5613
6
442.505 111.687 442.086 113.394 445.572 114.251 446.696 109.677 441.997 110.003 442.505 111.687
6
454.648 111.386 453.02 110.703 452.919 110.945 454.711 111.696 455.971 110.217 454.648 111.386
6
348.503 146.282 346.805 145.735 348.095 141.729 354.979 143.946 348.989 147.998 348.503 146.282
6
401.873 126.084 403.663 126.11 403.616 129.347 400.362 129.3 400.084 126.058 401.873 126.084
6
401.873 126.084 403.663 126.11 403.72 122.153 399.744 122.096 400.084 126.058 401.873 126.084
6
322.495 144.362 320.941 143.43 321.847 141.92 323.767 143.072 324.048 145.294 322.495 144.362
6
322.495 144.362 320.941 143.43 320.721 143.797 322.296 144.742 324.048 145.294 322.495 144.362
6
58.7318 66.4586 60.5036 66.8773 59.5481 70.921 55.4691 69.9571 56.9599 66.0399 58.7318 66.4586
6
58.7318 66.4586 60.5036 66.8773 60.7966 65.6375 58.8078 65.1675 56.9599 66.0399 58.7318 66.4586
6
148.777 274.094 150.601 274.223 150.56 274.807 148.689 274.675 146.953 273.966 148.777 274.094
6
148.777 274.094 150.601 274.223 150.873 270.357 147 270.084 146.953 273.966 148.777 274.094
5
322.296 144.742 320.721 143.797 321.809 145.825 324.048 145.294 322.296 144.742
5
165.095 16.49 166.063 14.895 164.823 16.3248 164.126 18.0849 165.095 16.49
5
165.095 16.49 164.126 18.0849 165.28 16.6026 166.063 14.895 165.095 16.49
6
148.689 274.675 150.52 275.078 150.258 276.273 148.127 275.805 146.953 273.966 148.689 274.675
6
165.28 16.6026 166.063 14.895 167.048 15.3467 166.146 17.3128 164.126 18.0849 165.28 16.6026
6
188.229 24.6998 188.257 26.5895 186.04 26.6218 186.003 24.0818 188.202 22.81 188.229 24.6998
6
188.229 24.6998 188.257 26.5895 191.228 26.5463 191.184 23.4888 188.202 22.81 188.229 24.6998
6
164.823 16.3248 166.063 14.895 165.325 14.2548 163.89 15.9084 164.126 18.0849 164.823 16.3248
5
182.782 17.0789 181.959 15.3723 182.325 17.8679 184.671 16.9417 182.782 17.0789
6
102.524 15.8063 101.787 14.0566 99.4912 15.0243 100.789 18.1036 103.96 17.0491 102.524 15.8063
6
141.846 10.8657 140.353 9.6663 140.563 9.405 142.067 10.6135 143.339 12.065 141.846 10.8657
6
141.846 10.8657 140.353 9.6663 138.172 12.3806 140.899 14.5708 143.339 12.065 141.846 10.8657
6
268.987 20.4033 270.82 20.9689 272.205 16.4811 260.042 12.7282 268.484 22.2543 268.987 20.4033
6
190.925 122.885 192.688 123.658 192.133 124.926 190.141 124.053 189.162 122.112 190.925 122.885
6
190.925 122.885 192.688 123.658 192.98 122.993 191.154 122.192 189.162 122.112 190.925 122.885
5
454.711 111.696 452.919 110.945 455.192 113.713 455.971 110.217 454.711 111.696
5
110.435 143.03 112.091 142.011 110.27 142.962 110.88 144.923 110.435 143.03
6
319.296 147.616 317.888 146.276 318.788 145.33 320.354 146.822 320.704 148.956 319.296 147.616
6
319.296 147.616 317.888 146.276 315.928 148.334 318.089 150.391 320.704 148.956 319.296 147.616
6
301.996 67.2969 303.879 67.7918 303.577 68.94 301.519 68.3991 300.113 66.802 301.996 67.2969
6
301.996 67.2969 303.879 67.7918 304.045 67.1598 302.109 66.651 300.113 66.802 301.996 67.2969
5
11.0302 140.387 12.2158 138.794 10.3533 139.883 9.84455 141.979 11.0302 140.387
5
11.0302 140.387 9.84455 141.979 11.4536 140.702 12.2158 138.794 11.0302 140.387
5
191.154 122.192 192.98 122.993 191.238 121.829 189.162 122.112 191.154 122.192
5
189.884 165.398 191.062 167.01 190.987 164.593 188.707 163.786 189.884 165.398
5
189.884 165.398 188.707 163.786 189.602 165.604 191.062 167.01 189.884 165.398
6
302.109 66.651 304.1 66.858 304.138 66.4941 302.097 66.2819 300.113 66.802 302.109 66.651
6
312.371 155.083 314.366 154.839 314.312 154.397 311.72 154.714 312.992 156.994 312.371 155.083
6
289.984 159.861 287.993 159.503 288.432 157.06 291.172 157.552 291.974 160.218 289.984 159.861
6
289.984 159.861 287.993 159.503 287.746 160.881 289.975 161.281 291.974 160.218 289.984 159.861
6
189.602 165.604 188.707 163.786 188.464 163.906 189.384 165.775 191.062 167.01 189.602 165.604
5
347.178 137.41 348.516 138.931 347.668 136.978 345.84 135.888 347.178 137.41
5
347.178 137.41 345.84 135.888 346.477 138.026 348.516 138.931 347.178 137.41
6
291.627 138.764 293.661 138.746 293.596 130.948 283.742 131.031 289.601 138.954 291.627 138.764
6
11.4536 140.702 12.2158 138.794 12.7514 139.008 11.9162 141.098 9.84455 141.979 11.4536 140.702
6
365.131 117.964 367.192 117.915 367.21 118.645 365.084 118.696 363.07 118.014 365.131 117.964
6
365.131 117.964 367.192 117.915 367.151 116.202 364.734 116.261 363.07 118.014 365.131 117.964
6
189.384 165.775 187.847 164.368 187.552 164.691 189.123 166.129 191.062 167.01 189.384 165.775
6
191.238 121.829 192.98 122.993 194.983 119.996 190.63 117.087 189.162 122.112 191.238 121.829
5
66.4602 47.5784 64.4175 48.0643 75.5467 48.4456 64.5463 46.7148 66.4602 47.5784
5
105.955 16.3857 104.858 18.1791 107.407 15.2314 103.96 17.0491 105.955 16.3857
5
142.194 13.8362 143.339 12.065 140.899 14.5708 144.302 13.7629 142.194 13.8362
5
301.519 68.3991 300.113 66.802 301.268 68.8059 303.577 68.94 301.519 68.3991
6
347.668 136.978 345.84 135.888 345.964 135.68 347.866 136.814 348.516 138.931 347.668 136.978
5
189.123 166.129 187.552 164.691 188.631 166.874 191.062 167.01 189.123 166.129
6
104.58 14.9921 102.766 13.8415 102.807 13.7761 104.672 14.9588 103.96 17.0491 104.58 14.9921
6
10.3533 139.883 12.2158 138.794 12.1728 138.721 10.2783 139.828 9.84455 141.979 10.3533 139.883
5
166.146 17.3128 164.126 18.0849 167.043 18.2695 167.048 15.3467 166.146 17.3128
6
320.354 146.822 319.419 144.871 319.655 144.758 320.61 146.749 320.704 148.956 320.354 146.822
6
163.89 15.9084 164.617 13.8432 164.297 13.7309 163.541 15.8815 164.126 18.0849 163.89 15.9084
6
10.2783 139.828 11.2578 137.864 11.1733 137.822 10.1877 139.798 9.84455 141.979 10.2783 139.828
5
10.1877 139.798 11.1733 137.822 8.65029 139.306 9.84455 141.979 10.1877 139.798
6
104.672 14.9588 103.495 13.0904 105.329 11.9344 107.407 15.2314 103.96 17.0491 104.672 14.9588
5
320.61 146.749 320.704 148.956 321.674 146.484 319.655 144.758 320.61 146.749
5
310.908 156.25 312.992 156.994 310.854 154.463 308.873 157.119 310.908 156.25
6
347.866 136.814 346.754 134.899 346.814 134.864 347.931 136.786 348.516 138.931 347.866 136.814
6
383.751 156.419 381.603 155.854 382.34 153.047 385.406 153.852 385.9 156.983 383.751 156.419
6
383.751 156.419 381.603 155.854 381.296 157.023 383.603 157.629 385.9 156.983 383.751 156.419
5
347.931 136.786 348.516 138.931 349.358 136.189 346.814 134.864 347.931 136.786
6
346.477 138.026 345.84 135.888 345.086 136.113 345.851 138.678 348.516 138.931 346.477 138.026
5
323.767 143.072 324.048 145.294 324.209 142.784 321.847 141.92 323.767 143.072
6
11.9162 141.098 13.0555 139.157 14.1587 139.804 12.7035 142.284 9.84455 141.979 11.9162 141.098
5
289.975 161.281 287.746 160.881 290.077 161.934 291.974 160.218 289.975 161.281
6
163.541 15.8815 163.564 13.602 160.708 13.5736 160.673 17.1508 164.126 18.0849 163.541 15.8815
6
321.809 145.825 320.721 143.797 320.612 143.856 321.746 145.97 324.048 145.294 321.809 145.825
6
282.816 31.0873 284.048 33.0335 284.5 32.7476 282.967 30.3259 280.801 32.2027 282.816 31.0873
6
301.268 68.8059 303.577 68.94 303.413 71.7655 298.462 71.4781 300.113 66.802 301.268 68.8059
6
32.0735 173.664 30.8647 175.694 29.9273 175.136 31.8824 171.852 33.9979 175.035 32.0735 173.664
5
282.255 99.1979 282.339 101.581 282.701 97.7185 280.869 101.138 282.255 99.1979
6
321.746 145.97 319.83 144.526 319.655 144.758 321.697 146.296 324.048 145.294 321.746 145.97
6
364.734 116.261 367.069 115.635 366.941 115.157 364.445 115.826 363.07 118.014 364.734 116.261
6
190.987 164.593 188.707 163.786 189.721 160.919 195.286 162.887 191.062 167.01 190.987 164.593
6
131.392 44.5108 133.597 43.5074 134.184 44.7966 131.79 45.8857 129.187 45.5141 131.392 44.5108
6
131.392 44.5108 133.597 43.5074 133.334 42.9284 131.091 43.949 129.187 45.5141 131.392 44.5108
6
188.631 166.874 187.552 164.691 187.03 164.949 188.28 167.478 191.062 167.01 188.631 166.874
6
184.945 5.68445 182.499 5.69449 182.492 3.98101 186.457 3.96474 185.981 7.90084 184.945 5.68445
5
131.091 43.949 133.334 42.9284 130.492 42.9889 129.187 45.5141 131.091 43.949
5
322.376 147.125 324.048 145.294 321.674 146.484 320.704 148.956 322.376 147.125
5
322.376 147.125 320.704 148.956 323.001 147.696 324.048 145.294 322.376 147.125
5
14.0663 168.388 14.9483 166.063 13.5523 169.059 16.0813 166.931 14.0663 168.388
6
324.209 142.784 321.847 141.92 321.865 141.87 324.265 142.748 324.048 145.294 324.209 142.784
6
182.325 17.8679 184.671 16.9417 184.822 17.3235 181.954 18.4557 181.959 15.3723 182.325 17.8679
5
186.003 24.0818 188.202 22.81 185.187 23.6189 186.04 26.6218 186.003 24.0818
6
39.3104 235.477 36.7781 235.698 36.7276 235.118 39.8125 234.849 39.9232 237.944 39.3104 235.477
5
163.692 190.547 163.394 193.078 163.704 190.548 163.99 188.016 163.692 190.547
5
163.692 190.547 163.99 188.016 163.315 190.503 163.394 193.078 163.692 190.547
6
163.704 190.548 163.99 188.016 168.463 188.52 167.952 193.05 163.394 193.078 163.704 190.548
5
321.697 146.296 319.655 144.758 321.674 146.484 324.048 145.294 321.697 146.296
6
290.077 161.934 287.746 160.881 286.897 162.761 291.001 164.616 291.974 160.218 290.077 161.934
6
193.773 117.66 195.419 119.632 194.983 119.996 192.077 116.515 196.281 118.214 193.773 117.66
6
163.315 190.503 163.99 188.016 163.098 187.774 162.365 190.475 163.394 193.078 163.315 190.503
6
364.445 115.826 366.135 113.871 366.11 113.849 364.418 115.806 363.07 118.014 364.445 115.826
5
364.418 115.806 366.11 113.849 363.6 115.209 363.07 118.014 364.418 115.806
6
311.72 154.714 314.13 153.71 313.913 153.188 310.854 154.463 312.992 156.994 311.72 154.714
6
323.001 147.696 320.704 148.956 321.143 149.757 323.792 148.304 324.048 145.294 323.001 147.696
5
131.79 45.8857 129.187 45.5141 132.02 47.4828 134.184 44.7966 131.79 45.8857
5
148.517 90.1058 151.094 91.018 148.847 88.4504 145.788 89.9622 148.517 90.1058
6
12.2163 166.421 9.48424 166.779 8.98857 162.998 13.029 162.468 14.9483 166.063 12.2163 166.421
6
12.2163 166.421 9.48424 166.779 9.59535 167.627 12.3931 167.26 14.9483 166.063 12.2163 166.421
5
291.172 157.552 291.974 160.218 292.408 156.166 288.432 157.06 291.172 157.552
5
162.365 190.475 163.098 187.774 161.667 190.514 163.394 193.078 162.365 190.475
6
12.3931 167.26 9.73744 168.214 10.4419 170.176 13.5523 169.059 14.9483 166.063 12.3931 167.26
6
254.315 181.68 251.487 181.571 251.493 181.402 254.625 181.522 252.801 184.071 254.315 181.68
5
60.7028 120.988 63.5399 120.937 60.6849 120.896 58.0545 122.007 60.7028 120.988
6
130.492 42.9889 133.334 42.9284 133.312 41.891 129.725 41.9673 129.187 45.5141 130.492 42.9889
5
363.6 115.209 365.161 112.819 362.491 114.762 363.07 118.014 363.6 115.209
6
60.6849 120.896 63.5399 120.937 63.6254 114.953 56.2404 114.847 58.0545 122.007 60.6849 120.896
6
184.037 169.264 183.165 166.543 184.986 165.959 185.956 168.985 184.91 171.986 184.037 169.264
6
184.037 169.264 183.165 166.543 180.005 167.556 181.172 171.194 184.91 171.986 184.037 169.264
6
282.967 30.3259 285.798 29.8771 285.678 29.123 282.578 29.6145 280.801 32.2027 282.967 30.3259
6
349.358 136.189 346.814 134.864 346.818 134.856 349.369 136.185 348.516 138.931 349.358 136.189
6
12.7035 142.284 15.1735 140.812 15.1846 140.831 12.7084 142.306 9.84455 141.979 12.7035 142.284
5
349.369 136.185 348.516 138.931 352.735 135.678 347.745 133.811 349.369 136.185
5
12.7084 142.306 9.84455 141.979 12.7737 142.61 15.1846 140.831 12.7084 142.306
6
388.827 144.044 386.969 141.821 386.938 141.847 388.855 144.14 389.266 141.18 388.827 144.044
6
167.043 18.2695 167.048 15.3467 167.708 15.3478 167.702 19.0521 164.126 18.0849 167.043 18.2695
5
8.65029 139.306 10.179 136.81 6.33699 139.157 9.84455 141.979 8.65029 139.306
6
354.588 105.747 351.647 105.574 351.666 105.247 354.616 105.421 357.529 105.921 354.588 105.747
6
354.588 105.747 351.647 105.574 351.624 105.964 354.578 106.138 357.529 105.921 354.588 105.747
6
187.392 64.5794 189.31 62.3388 188.932 62.0151 185.982 65.4604 190.294 64.0536 187.392 64.5794
6
419.895 107.119 417.81 105.032 419.912 102.933 422.525 105.55 421.98 109.207 419.895 107.119
6
419.895 107.119 417.81 105.032 416.907 105.934 419.089 108.119 421.98 109.207 419.895 107.119
6
354.67 105.191 351.811 104.461 354.178 95.1928 364.549 97.8409 357.529 105.921 354.67 105.191
6
354.67 105.191 351.811 104.461 351.753 104.69 354.616 105.421 357.529 105.921 354.67 105.191
6
371.827 2.98657 371.827 0 376.215 0 376.215 4.59852 371.827 5.97314 371.827 2.98657
6
371.827 2.98657 371.827 0 364.825 0 364.825 7.09077 371.827 5.97314 371.827 2.98657
5
388.855 144.14 386.938 141.847 390.329 149.286 389.266 141.18 388.855 144.14
6
284.937 35.9337 285.826 38.8339 284.166 39.3429 283.204 36.2051 284.048 33.0335 284.937 35.9337
6
284.937 35.9337 285.826 38.8339 286.605 38.5952 285.7 35.6428 284.048 33.0335 284.937 35.9337
5
191.184 23.4888 191.228 26.5463 192.503 22.42 188.202 22.81 191.184 23.4888
5
419.089 108.119 416.907 105.934 418.345 109.274 421.98 109.207 419.089 108.119
6
161.667 190.514 163.098 187.774 161.26 186.814 159.039 191.066 163.394 193.078 161.667 190.514
6
254.625 181.522 251.663 180.497 251.804 180.092 255.347 181.318 252.801 184.071 254.625 181.522
5
385.406 153.852 385.9 156.983 386.278 153.063 382.34 153.047 385.406 153.852
5
185.956 168.985 184.91 171.986 186.485 168.992 184.986 165.959 185.956 168.985
5
285.542 101.267 282.339 101.581 285.623 102.09 288.745 100.953 285.542 101.267
5
285.542 101.267 288.745 100.953 285.536 101.209 282.339 101.581 285.542 101.267
6
285.536 101.209 288.745 100.953 288.665 99.9495 285.36 100.213 282.339 101.581 285.536 101.209
6
283.204 36.2051 283.716 39.4468 282.171 39.691 281.577 35.9302 284.048 33.0335 283.204 36.2051
5
382.052 146.725 382.011 143.432 381.842 146.728 382.093 150.018 382.052 146.725
5
382.052 146.725 382.093 150.018 383.066 146.712 382.011 143.432 382.052 146.725
6
381.842 146.728 382.011 143.432 381.073 143.384 380.898 146.806 382.093 150.018 381.842 146.728
5
362.491 114.762 364.126 111.893 362.199 114.712 363.07 118.014 362.491 114.762
5
285.36 100.213 288.665 99.9495 285.025 98.9175 282.339 101.581 285.36 100.213
6
285.623 102.09 288.745 100.953 289.107 101.947 285.645 103.208 282.339 101.581 285.623 102.09
6
193.562 64.7268 196.83 65.4 196.515 66.9294 193.068 66.2194 190.294 64.0536 193.562 64.7268
6
193.562 64.7268 196.83 65.4 197.091 64.135 193.7 63.4366 190.294 64.0536 193.562 64.7268
6
186.485 168.992 184.986 165.959 185.748 165.582 187.469 169.064 184.91 171.986 186.485 168.992
6
148.847 88.4504 151.094 91.018 153.007 89.3436 148.976 84.738 145.788 89.9622 148.847 88.4504
6
362.199 114.712 364.126 111.893 363.444 111.427 361.271 114.608 363.07 118.014 362.199 114.712
5
380.898 146.806 381.073 143.384 380.055 146.936 382.093 150.018 380.898 146.806
6
383.066 146.712 382.011 143.432 386.599 141.956 388.674 148.406 382.093 150.018 383.066 146.712
6
188.308 171.414 191.707 170.842 191.924 172.133 188.403 172.726 184.91 171.986 188.308 171.414
6
188.308 171.414 191.707 170.842 191.299 168.42 187.469 169.064 184.91 171.986 188.308 171.414
5
132.02 47.4828 129.187 45.5141 131.98 48.1081 135.081 45.8927 132.02 47.4828
5
53.8279 67.5184 56.101 64.9053 52.6811 68.3866 56.9599 66.0399 53.8279 67.5184
5
196.4 114.752 199.859 114.947 195.295 113.542 196.281 118.214 196.4 114.752
5
193.068 66.2194 190.294 64.0536 192.705 67.0037 196.515 66.9294 193.068 66.2194
6
455.192 113.713 452.041 112.011 452.034 112.023 455.202 113.734 455.971 110.217 455.192 113.713
5
455.202 113.734 452.034 112.023 455.764 114.96 455.971 110.217 455.202 113.734
6
166.613 243.22 163.24 241.953 164.334 239.041 168.548 240.623 169.77 244.955 166.613 243.22
6
445.326 108.599 441.812 107.76 441.95 107.181 447.478 108.501 441.997 110.003 445.326 108.599
6
418.345 109.274 415.705 106.773 415.692 106.787 418.337 109.292 421.98 109.207 418.345 109.274
6
143.538 280.469 141.577 277.399 141.029 277.749 143.042 280.901 146.094 283.063 143.538 280.469
5
418.337 109.292 415.692 106.787 417.557 111.321 421.98 109.207 418.337 109.292
5
285.645 103.208 282.339 101.581 285.593 104.17 289.107 101.947 285.645 103.208
6
380.055 146.936 381.073 143.384 379.203 142.848 377.852 147.56 382.093 150.018 380.055 146.936
5
422.525 105.55 421.98 109.207 423.018 105.387 419.912 102.933 422.525 105.55
5
143.042 280.901 141.029 277.749 142.02 281.876 146.094 283.063 143.042 280.901
6
255.347 181.318 255.455 177.571 257.01 177.616 256.879 182.13 252.801 184.071 255.347 181.318
6
285.025 98.9175 288.665 99.9495 289.379 97.4316 283.684 95.817 282.339 101.581 285.025 98.9175
6
281.395 35.9613 281.989 39.7198 280.011 40.0324 279.376 36.0136 280.801 32.2027 281.395 35.9613
6
281.395 35.9613 281.989 39.7198 282.171 39.691 281.577 35.9302 280.801 32.2027 281.395 35.9613
6
192.705 67.0037 196.515 66.9294 196.632 72.9281 186.987 73.1162 190.294 64.0536 192.705 67.0037
6
131.98 48.1081 135.081 45.8927 136.533 47.9256 131.218 51.7223 129.187 45.5141 131.98 48.1081
5
31.8824 171.852 33.9979 175.035 31.7786 167.671 29.9273 175.136 31.8824 171.852
6
361.271 114.608 362.286 110.891 362.039 110.824 360.996 114.643 363.07 118.014 361.271 114.608
6
142.265 88.3404 138.743 86.7186 141.841 79.9884 148.578 83.0901 145.788 89.9622 142.265 88.3404
6
142.265 88.3404 138.743 86.7186 138.121 88.0695 141.773 89.751 145.788 89.9622 142.265 88.3404
5
282.701 97.7185 282.339 101.581 283.684 95.817 279.759 100.247 282.701 97.7185
6
147 270.084 150.854 269.615 150.528 266.94 143.516 267.794 146.953 273.966 147 270.084
6
368.114 7.13627 371.886 8.09048 371.699 8.82968 364.825 7.09077 371.827 5.97314 368.114 7.13627
5
318.249 135.199 321.568 133.123 311.928 137.16 322.16 135.031 318.249 135.199
6
93.6772 21.4135 90.0086 20.0063 90.0312 19.9475 93.8432 21.4096 90.0896 23.0159 93.6772 21.4135
6
386.278 153.063 382.34 153.047 382.348 151.059 389.019 151.086 385.9 156.983 386.278 153.063
6
207.345 108.576 211.278 108.925 211.217 109.619 207.253 109.267 203.412 108.227 207.345 108.576
6
207.345 108.576 211.278 108.925 211.543 105.941 207.044 105.542 203.412 108.227 207.345 108.576
5
360.996 114.643 362.039 110.824 360.204 114.756 363.07 118.014 360.996 114.643
6
186.457 3.96474 186.457 0 186.913 0 186.913 4.00545 185.981 7.90084 186.457 3.96474
6
207.224 109.365 211.037 110.503 210.782 111.356 206.922 110.204 203.412 108.227 207.224 109.365
6
207.224 109.365 211.037 110.503 211.066 110.406 207.253 109.267 203.412 108.227 207.224 109.365
5
279.376 36.0136 280.801 32.2027 278.262 35.9012 280.011 40.0324 279.376 36.0136
6
292.408 156.166 288.432 157.06 288.324 156.58 293.012 155.527 291.974 160.218 292.408 156.166
5
13.029 162.468 14.9483 166.063 13.4704 161.61 8.98857 162.998 13.029 162.468
6
93.8432 21.4096 92.87 17.4445 93.5287 17.2828 94.6505 21.8538 90.0896 23.0159 93.8432 21.4096
6
285.593 104.17 289.107 101.947 292.154 106.764 282.73 112.725 282.339 101.581 285.593 104.17
5
55.4691 69.9571 56.9599 66.0399 53.105 71.2107 59.5481 70.921 55.4691 69.9571
6
146.96 109.52 151.161 109.566 151.167 109.03 146.848 108.982 143.031 111.005 146.96 109.52
6
142.02 281.876 141.029 277.749 140 277.996 141.155 282.806 146.094 283.063 142.02 281.876
6
192.329 21.7029 196.408 20.4338 196.627 21.1371 192.503 22.42 188.202 22.81 192.329 21.7029
5
146.848 108.982 151.167 109.03 146.654 108.185 143.031 111.005 146.848 108.982
6
360.204 114.756 362.039 110.824 359.796 109.777 357.063 115.632 363.07 118.014 360.204 114.756
5
168.548 240.623 169.77 244.955 169.632 239.626 164.334 239.041 168.548 240.623
5
6.33699 139.157 9.25217 135.726 5.29913 139.255 9.84455 141.979 6.33699 139.157
5
207.044 105.542 211.543 105.941 206.691 104.288 203.412 108.227 207.044 105.542
5
192.077 116.515 196.281 118.214 189.827 114.877 194.983 119.996 192.077 116.515
5
185.982 65.4604 188.932 62.0151 180.909 68.8499 190.294 64.0536 185.982 65.4604
6
13.4704 161.61 8.98857 162.998 8.88314 162.658 13.7113 161.162 14.9483 166.063 13.4704 161.61
6
446.696 109.677 446.513 114.384 446.659 114.389 446.848 109.517 441.997 110.003 446.696 109.677
6
195.295 113.542 199.859 114.947 200.138 114.041 193.86 112.108 196.281 118.214 195.295 113.542
5
159.039 191.066 161.26 186.814 155.002 192.442 163.394 193.078 159.039 191.066
5
219.155 47.8125 214.348 47.2453 218.816 50.6833 223.961 48.3796 219.155 47.8125
5
219.155 47.8125 223.961 48.3796 219.329 46.3305 214.348 47.2453 219.155 47.8125
6
446.848 109.517 447.371 114.365 448.051 114.291 447.45 108.722 441.997 110.003 446.848 109.517
6
52.6811 68.3866 52.6006 63.5072 50.6767 63.5389 50.8214 72.3183 56.9599 66.0399 52.6811 68.3866
5
377.852 147.56 379.203 142.848 372.099 149.879 382.093 150.018 377.852 147.56
6
417.557 111.321 414.473 107.51 413.929 107.95 417.386 112.222 421.98 109.207 417.557 111.321
5
141.155 282.806 140 277.996 139.445 284.861 146.094 283.063 141.155 282.806
6
362.471 105.557 360.375 110.047 361.475 110.561 364.568 103.933 357.529 105.921 362.471 105.557
6
4.97812 140.93 0 140.93 0 139.255 5.29913 139.255 9.84455 141.979 4.97812 140.93
6
13.7113 161.162 8.65706 161.199 8.62638 156.974 18.4239 156.902 14.9483 166.063 13.7113 161.162
6
219.329 46.3305 214.348 47.2453 214.21 46.4926 219.454 45.5295 223.961 48.3796 219.329 46.3305
5
106.384 73.5723 111.446 73.0853 106.371 73.4359 101.322 74.0593 106.384 73.5723
5
106.384 73.5723 101.322 74.0593 106.491 74.6849 111.446 73.0853 106.384 73.5723
6
106.371 73.4359 111.446 73.0853 111.337 71.5043 106.096 71.8664 101.322 74.0593 106.371 73.4359
6
117.13 148.779 121.93 150.485 120.915 153.342 115.325 151.355 112.899 145.941 117.13 148.779
6
470.138 66.3098 465.079 66.9827 465.118 67.277 471.798 66.3885 465.198 65.0266 470.138 66.3098
6
206.691 104.288 211.543 105.941 211.91 104.863 206.229 102.927 203.412 108.227 206.691 104.288
6
72.1813 102.082 77.358 102.163 77.3375 103.468 72.0787 103.385 67.0047 102.001 72.1813 102.082
6
72.1813 102.082 77.358 102.163 77.4735 94.7814 69.6654 94.6592 67.0047 102.001 72.1813 102.082
5
71.834 103.982 67.0047 102.001 71.3669 105.121 76.6632 105.963 71.834 103.982
5
71.834 103.982 76.6632 105.963 72.0787 103.385 67.0047 102.001 71.834 103.982
5
190.63 117.087 194.983 119.996 189.827 114.877 189.162 122.112 190.63 117.087
6
106.096 71.8664 111.2 70.625 110.543 67.9214 104.817 69.314 101.322 74.0593 106.096 71.8664
6
352.735 135.678 347.745 133.811 348.099 132.865 354.979 135.439 348.516 138.931 352.735 135.678
6
169.632 239.626 164.334 239.041 164.696 235.76 173.753 236.76 169.77 244.955 169.632 239.626
5
219.454 45.5295 223.961 48.3796 220.279 44.1585 214.826 42.8815 219.454 45.5295
6
207.684 49.9484 202.3 49.7419 202.356 48.2851 207.839 48.4954 213.069 50.1549 207.684 49.9484
6
207.684 49.9484 202.3 49.7419 202.246 51.1469 207.722 51.3569 213.069 50.1549 207.684 49.9484
5
207.722 51.3569 202.246 51.1469 207.871 52.9838 213.069 50.1549 207.722 51.3569
5
417.386 112.222 413.929 107.95 417.148 113.746 421.98 109.207 417.386 112.222
6
196.398 165.664 201.733 164.318 201.842 164.747 196.497 166.095 191.062 167.01 196.398 165.664
6
196.398 165.664 201.733 164.318 201.008 161.444 195.286 162.887 191.062 167.01 196.398 165.664
6
220.279 44.1585 214.826 42.8815 215.028 42.0189 220.797 43.3699 223.961 48.3796 220.279 44.1585
6
447.45 108.722 452.379 111.385 452.43 111.29 447.465 108.608 441.997 110.003 447.45 108.722
6
218.816 50.6833 213.442 48.9784 213.069 50.1549 218.965 52.0255 223.961 48.3796 218.816 50.6833
5
447.465 108.608 452.43 111.29 447.478 108.501 441.997 110.003 447.465 108.608
5
104.817 69.314 110.543 67.9214 104.088 68.2192 101.322 74.0593 104.817 69.314
6
207.871 52.9838 202.246 51.1469 201.712 52.7822 208.183 54.8953 213.069 50.1549 207.871 52.9838
5
220.797 43.3699 223.961 48.3796 222.398 41.1219 215.028 42.0189 220.797 43.3699
6
206.229 102.927 212.228 103.134 212.369 99.0453 202.847 98.7163 203.412 108.227 206.229 102.927
6
52.4165 124.176 58.4572 124.199 58.4504 126.015 38.7178 125.941 58.0545 122.007 52.4165 124.176
6
148.976 84.738 153.612 88.7343 153.911 88.3874 148.851 84.0253 145.788 89.9622 148.976 84.738
5
390.194 135.119 389.266 141.18 390.887 135.102 388.985 129.107 390.194 135.119
5
218.965 52.0255 213.069 50.1549 221.859 69.7832 223.961 48.3796 218.965 52.0255
6
390.887 135.102 388.985 129.107 389.56 128.925 391.519 135.103 389.266 141.18 390.887 135.102
6
356.996 115.957 350.594 115.577 350.613 115.25 357.063 115.632 363.07 118.014 356.996 115.957
6
84.8573 93.492 91.0184 91.5877 90.9959 91.5149 84.3987 93.554 91.3016 93.7298 84.8573 93.492
6
53.105 71.2107 59.5481 70.921 59.5931 71.9219 50.8265 72.3161 56.9599 66.0399 53.105 71.2107
6
186.252 116.346 184.05 122.417 183.354 122.165 186.187 114.355 189.162 122.112 186.252 116.346
6
104.088 68.2192 110.543 67.9214 110.317 63.0225 99.6521 63.5144 101.322 74.0593 104.088 68.2192
6
391.519 135.103 390.54 128.696 391.965 128.478 393.013 135.339 389.266 141.18 391.519 135.103
6
131.218 51.7223 137.538 50.0703 138.549 53.9412 127.468 56.8379 129.187 45.5141 131.218 51.7223
5
193.86 112.108 200.138 114.041 189.425 108.008 196.281 118.214 193.86 112.108
5
417.148 113.746 412.725 108.807 417.105 114.736 421.98 109.207 417.148 113.746
5
389.019 151.086 385.9 156.983 391.109 149.833 382.348 151.059 389.019 151.086
6
148.851 84.0253 154.464 87.6486 154.81 87.1128 148.578 83.0901 145.788 89.9622 148.851 84.0253
6
471.884 65.2442 478.57 65.4619 478.533 66.6077 471.798 66.3885 465.198 65.0266 471.884 65.2442
6
471.884 65.2442 478.57 65.4619 478.684 61.9619 471.54 61.7294 465.198 65.0266 471.884 65.2442
5
208.183 54.8953 201.712 52.7822 208.798 57.5546 213.069 50.1549 208.183 54.8953
6
355.345 145.459 362.189 145.552 362.209 144.044 354.979 143.946 348.989 147.998 355.345 145.459
6
355.396 139.024 362.276 139.117 362.268 139.676 355.377 139.583 348.516 138.931 355.396 139.024
6
355.396 139.024 362.276 139.117 362.324 135.539 354.979 135.439 348.516 138.931 355.396 139.024
6
139.445 284.861 140 277.996 139.047 277.919 138.375 286.239 146.094 283.063 139.445 284.861
6
84.3975 93.6217 77.4934 93.5136 77.4944 93.4459 84.3987 93.554 91.3016 93.7298 84.3975 93.6217
6
84.3975 93.6217 77.4934 93.5136 77.313 105.035 89.0237 105.218 91.3016 93.7298 84.3975 93.6217
5
393.013 135.339 389.266 141.18 393.881 135.523 391.965 128.478 393.013 135.339
5
143.516 267.794 150.528 266.94 142.769 267.415 146.953 273.966 143.516 267.794
5
471.54 61.7294 478.684 61.9619 471.227 60.3502 465.198 65.0266 471.54 61.7294
5
189.827 114.877 196.281 118.214 187.09 109.877 189.162 122.112 189.827 114.877
6
393.881 135.523 391.965 128.478 393.458 128.072 395.61 135.985 389.266 141.18 393.881 135.523
6
364.568 103.933 362.64 110.988 362.91 111.062 364.971 103.518 357.529 105.921 364.568 103.933
6
417.105 114.736 411.094 110.468 408.581 114.007 418.72 121.207 421.98 109.207 417.105 114.736
5
56.2404 114.847 63.6254 114.953 53.5489 112.722 58.0545 122.007 56.2404 114.847
6
222.398 41.1219 215.028 42.0189 214.998 41.7733 222.596 40.8487 223.961 48.3796 222.398 41.1219
5
177.234 243.451 169.77 244.955 177.288 243.724 184.697 241.948 177.234 243.451
5
177.234 243.451 184.697 241.948 176.97 242.142 169.77 244.955 177.234 243.451
6
177.288 243.724 184.697 241.948 185.203 244.061 177.567 245.891 169.77 244.955 177.288 243.724
6
471.227 60.3502 478.684 61.9619 479.752 57.0216 468.995 54.6968 465.198 65.0266 471.227 60.3502
5
222.596 40.8487 223.961 48.3796 222.781 40.7023 215.58 37.7895 222.596 40.8487
6
31.7786 167.671 29.9273 175.136 28.3805 174.752 31.9129 160.509 33.9979 175.035 31.7786 167.671
5
93.6715 73.1334 101.322 74.0593 93.5371 72.2149 86.6071 76.2126 93.6715 73.1334
6
176.97 242.142 184.697 241.948 184.551 236.123 174.67 236.371 169.77 244.955 176.97 242.142
6
222.781 40.7023 215.58 37.7895 215.905 36.9861 223.592 40.0957 223.961 48.3796 222.781 40.7023
6
69.6654 94.6592 76.8238 91.5386 76.617 91.064 69.2452 94.2776 67.0047 102.001 69.6654 94.6592
5
364.971 103.518 362.91 111.062 367.7 100.662 357.529 105.921 364.971 103.518
6
177.567 245.891 185.417 246.105 185.333 249.178 177.04 248.951 169.77 244.955 177.567 245.891
6
396.814 138.901 404.362 136.622 406.305 143.057 397.385 145.75 389.266 141.18 396.814 138.901
6
396.814 138.901 404.362 136.622 403.549 133.93 395.761 136.282 389.266 141.18 396.814 138.901
6
93.5371 72.2149 85.5371 72.2996 85.4553 64.5707 96.2945 64.4559 101.322 74.0593 93.5371 72.2149
5
69.2452 94.2776 75.1517 88.8202 68.8567 94.0375 67.0047 102.001 69.2452 94.2776
5
395.761 136.282 403.549 133.93 395.61 135.985 389.266 141.18 395.761 136.282
5
390.329 149.286 382.348 151.059 391.109 149.833 389.266 141.18 390.329 149.286
5
68.8567 94.0375 74.1653 87.8193 67.5833 93.3945 67.0047 102.001 68.8567 94.0375
6
363.867 87.7109 372.116 88.0123 372.119 87.9373 363.238 87.6128 371.806 89.9731 363.867 87.7109
5
223.592 40.0957 223.961 48.3796 223.721 40.0048 215.905 36.9861 223.592 40.0957
6
186.187 114.355 181.069 120.899 179.982 120.049 186.748 111.397 189.162 122.112 186.187 114.355
6
457.138 62.9331 449.292 65.7247 449.093 65.1636 457.122 62.3067 465.198 65.0266 457.138 62.9331
6
374 152.001 382.059 154.117 381.94 154.569 371.995 151.957 382.093 150.018 374 152.001
5
138.375 286.239 139.047 277.919 132.861 293.792 146.094 283.063 138.375 286.239
5
155.002 192.442 160.216 185.835 153.41 193.14 163.394 193.078 155.002 192.442
6
457.122 62.3067 448.606 62.641 448.1 49.7379 464.044 49.112 465.198 65.0266 457.122 62.3067
6
208.798 57.5546 200.82 54.4997 200.712 54.7809 208.935 57.9292 213.069 50.1549 208.798 57.5546
5
67.5833 93.3945 73.1698 86.8221 66.1791 92.8242 67.0047 102.001 67.5833 93.3945
6
363.111 90.1818 354.415 90.3904 354.353 87.826 363.238 87.6128 371.806 89.9731 363.111 90.1818
6
363.111 90.1818 354.415 90.3904 354.5 93.9317 363.556 93.7144 371.806 89.9731 363.111 90.1818
5
50.8265 72.3161 56.9599 66.0399 50.8214 72.3183 59.5931 71.9219 50.8265 72.3161
5
208.935 57.9292 200.712 54.7809 210.18 61.2538 213.069 50.1549 208.935 57.9292
5
391.109 149.833 385.9 156.983 396.015 150.878 389.266 141.18 391.109 149.833
6
100.344 94.0634 108.989 91.3896 111.248 98.6926 99.7745 102.241 91.3016 93.7298 100.344 94.0634
5
363.556 93.7144 354.5 93.9317 364.171 96.401 371.806 89.9731 363.556 93.7144
6
173.753 236.76 165.003 234.217 165.179 233.613 174.67 236.371 169.77 244.955 173.753 236.76
5
66.1791 92.8242 72.172 85.8256 64.6733 92.3432 67.0047 102.001 66.1791 92.8242
5
397.385 145.75 389.266 141.18 397.379 145.808 406.305 143.057 397.385 145.75
5
397.379 145.808 389.266 141.18 397.024 147.453 406.679 144.94 397.379 145.808
6
202.847 98.7163 211.719 95.243 211.595 94.9263 202.489 98.4914 203.412 108.227 202.847 98.7163
5
186.987 73.1162 190.294 64.0536 180.168 77.986 196.632 72.9281 186.987 73.1162
5
202.489 98.4914 211.595 94.9263 198.192 95.8481 203.412 108.227 202.489 98.4914
5
283.742 131.031 293.596 130.948 273.039 125.69 289.601 138.954 283.742 131.031
5
64.6733 92.3432 71.1728 84.8288 63.075 91.9552 67.0047 102.001 64.6733 92.3432
6
397.024 147.453 406.679 144.94 407.45 147.902 396.015 150.878 389.266 141.18 397.024 147.453
6
364.171 96.401 354.5 93.9317 354.178 95.1928 364.549 97.8409 371.806 89.9731 364.171 96.401
5
372.099 149.879 362.142 149.019 371.995 151.957 382.093 150.018 372.099 149.879
6
53.5489 112.722 63.6254 114.953 65.1414 108.106 34.7776 101.383 58.0545 122.007 53.5489 112.722
6
311.928 137.16 322.362 137.755 322.357 137.849 311.508 137.231 321.568 133.123 311.928 137.16
6
180.909 68.8499 182.992 58.5181 180.826 58.0815 177.717 73.5011 190.294 64.0536 180.909 68.8499
6
99.6521 63.5144 110.051 61.0945 109.754 59.8215 98.0981 62.5341 101.322 74.0593 99.6521 63.5144
5
364.667 97.947 357.529 105.921 367.7 100.662 371.806 89.9731 364.667 97.947
5
364.667 97.947 371.806 89.9731 364.549 97.8409 357.529 105.921 364.667 97.947
5
63.075 91.9552 70.1722 83.8318 61.4415 91.6704 67.0047 102.001 63.075 91.9552
5
96.2945 64.4559 101.322 74.0593 98.0981 62.5341 86.3918 60.047 96.2945 64.4559
5
311.508 137.231 321.568 133.123 310.668 137.054 319.061 145.043 311.508 137.231
5
154.492 72.1496 162.973 78.9811 155.896 66.7713 143.753 73.963 154.492 72.1496
5
186.748 111.397 189.162 122.112 187.09 109.877 179.982 120.049 186.748 111.397
6
468.995 54.6968 480 54.6968 480 49.112 464.044 49.112 465.198 65.0266 468.995 54.6968
5
75.5467 48.4456 86.3244 51.2467 75.9929 46.3017 64.5463 46.7148 75.5467 48.4456
5
367.7 100.662 362.91 111.062 369.499 101.421 371.806 89.9731 367.7 100.662
6
75.9929 46.3017 86.3244 51.2467 87.2966 49.2155 76.3594 43.9806 64.5463 46.7148 75.9929 46.3017
6
210.18 61.2538 199.666 56.6717 199.641 56.7288 210.222 61.3401 213.069 50.1549 210.18 61.2538
5
210.222 61.3401 199.641 56.7288 211.424 63.7953 213.069 50.1549 210.222 61.3401
6
397.04 153.851 408.24 150.937 407.45 147.902 396.015 150.878 385.9 156.983 397.04 153.851
6
310.668 137.054 319.061 145.043 318.142 146.009 308.084 136.436 321.568 133.123 310.668 137.054
5
167.93 68.4527 162.973 78.9811 176.435 72.4572 172.887 57.9243 167.93 68.4527
5
167.93 68.4527 172.887 57.9243 167.812 68.3973 162.973 78.9811 167.93 68.4527
6
167.812 68.3973 172.887 57.9243 170.972 56.9964 165.845 67.5784 162.973 78.9811 167.812 68.3973
6
369.499 101.421 362.91 111.062 363.236 111.284 369.872 101.574 371.806 89.9731 369.499 101.421
5
89.0237 105.218 77.313 105.035 93.3282 110.544 91.3016 93.7298 89.0237 105.218
5
61.4415 91.6704 69.1683 82.8406 60.9382 91.6136 67.0047 102.001 61.4415 91.6704
5
165.845 67.5784 170.972 56.9964 157.148 64.4141 162.973 78.9811 165.845 67.5784
5
369.872 101.574 364.811 112.191 374.872 103.148 371.806 89.9731 369.872 101.574
6
452.925 11.9852 452.925 0 464.982 0 464.982 15.0177 452.925 23.9704 452.925 11.9852
6
452.925 11.9852 452.925 0 437.244 0 437.244 17.1145 452.925 23.9704 452.925 11.9852
5
99.7745 102.241 91.3016 93.7298 98.4069 107.738 111.248 98.6926 99.7745 102.241
5
60.9382 91.6136 66.218 80.8051 54.9001 91.8377 67.0047 102.001 60.9382 91.6136
5
71.3188 36.7538 78.0913 26.7928 70.0929 35.9203 64.5463 46.7148 71.3188 36.7538
5
71.3188 36.7538 64.5463 46.7148 72.8307 37.7817 78.0913 26.7928 71.3188 36.7538
5
76.3594 43.9806 87.2966 49.2155 76.3775 43.816 64.5463 46.7148 76.3594 43.9806
6
70.0929 35.9203 78.0913 26.7928 77.0865 25.9123 68.9551 35.1915 64.5463 46.7148 70.0929 35.9203
5
76.3775 43.816 88.1135 47.0791 76.4299 40.429 64.5463 46.7148 76.3775 43.816
6
72.8307 37.7817 78.0913 26.7928 79.0194 27.2371 73.6818 38.3869 64.5463 46.7148 72.8307 37.7817
6
189.425 108.008 200.138 114.041 200.526 113.352 186.705 105.569 196.281 118.214 189.425 108.008
5
68.9551 35.1915 77.0865 25.9123 66.533 33.7314 64.5463 46.7148 68.9551 35.1915
5
73.6818 38.3869 64.5463 46.7148 76.4299 40.429 79.0194 27.2371 73.6818 38.3869
5
187.09 109.877 196.281 118.214 186.95 108.639 179.982 120.049 187.09 109.877
6
260.042 12.7282 260.042 0 259.614 0 259.614 12.8949 268.484 22.2543 260.042 12.7282
5
66.533 33.7314 75.4519 24.0894 58.6068 29.9109 64.5463 46.7148 66.533 33.7314
6
186.95 108.639 179.982 120.049 178.438 119.106 186.705 105.569 196.281 118.214 186.95 108.639
6
198.192 95.8481 210.783 91.1619 210.773 91.1344 198.153 95.8313 203.412 108.227 198.192 95.8481
5
198.153 95.8313 208.163 86.825 198.132 95.8266 203.412 108.227 198.153 95.8313
5
198.132 95.8266 207.167 85.8257 196.413 95.5385 203.412 108.227 198.132 95.8266
5
374.872 103.148 365.829 113.209 378.827 104.166 371.806 89.9731 374.872 103.148
6
466.462 23.9704 480 23.9704 480 29.6304 465.871 29.6304 452.925 23.9704 466.462 23.9704
6
466.462 23.9704 480 23.9704 480 15.0177 464.982 15.0177 452.925 23.9704 466.462 23.9704
6
211.424 63.7953 198.416 59.3717 197.864 60.9943 213 66.1415 213.069 50.1549 211.424 63.7953
6
308.084 136.436 296.349 143.857 296.282 143.751 308.035 136.319 321.568 133.123 308.084 136.436
6
155.896 66.7713 142.123 69.8513 141.92 68.9432 156.382 65.7092 162.973 78.9811 155.896 66.7713
5
196.413 95.5385 206.17 84.8246 194.635 95.3289 203.412 108.227 196.413 95.5385
6
32.86 160.446 32.5327 145.817 31.5846 145.838 31.9129 160.509 33.9979 175.035 32.86 160.446
6
156.382 65.7092 141.613 66.9256 141.512 65.7019 157.148 64.4141 162.973 78.9811 156.382 65.7092
6
176.435 72.4572 179.391 57.7924 180.826 58.0815 177.717 73.5011 162.973 78.9811 176.435 72.4572
5
194.635 95.3289 205.172 83.8238 192.778 95.195 203.412 108.227 194.635 95.3289
5
98.4069 107.738 91.3016 93.7298 98.0465 108.849 112.381 100.566 98.4069 107.738
5
177.717 73.5011 162.973 78.9811 180.168 77.986 190.294 64.0536 177.717 73.5011
5
54.9001 91.8377 65.1765 79.829 53.0111 91.9935 67.0047 102.001 54.9001 91.8377
5
378.827 104.166 366.736 114.39 387.184 105.901 371.806 89.9731 378.827 104.166
6
213 66.1415 197.342 62.9161 197.079 64.1898 214.358 67.749 213.069 50.1549 213 66.1415
6
422.557 140.808 406.679 144.94 406.814 145.46 432.809 138.695 406.305 143.057 422.557 140.808
5
98.0465 108.849 91.3016 93.7298 96.3854 113.269 113.08 101.915 98.0465 108.849
5
192.778 95.195 204.173 82.8229 190.853 95.1373 203.412 108.227 192.778 95.195
6
93.3282 110.544 76.4305 109.401 76.3198 111.036 95.2896 112.32 91.3016 93.7298 93.3282 110.544
6
132.861 293.792 139.047 277.919 137.902 277.473 129.908 297.985 146.094 283.063 132.861 293.792
5
180.168 77.986 162.973 78.9811 180.438 79.4894 196.632 72.9281 180.168 77.986
6
180.438 79.4894 196.632 72.9281 197.79 75.7873 180.864 82.6454 162.973 78.9811 180.438 79.4894
5
214.358 67.749 201.833 80.1724 215.045 68.0061 213.069 50.1549 214.358 67.749
6
58.6068 29.9109 75.4519 24.0894 75.0809 23.0159 57.1203 29.223 64.5463 46.7148 58.6068 29.9109
5
215.045 68.0061 202.831 81.174 216.516 68.4917 213.069 50.1549 215.045 68.0061
5
190.853 95.1373 203.173 81.8225 188.859 95.1554 203.412 108.227 190.853 95.1373
6
146.094 301.531 146.094 320 129.908 320 129.908 297.985 146.094 283.063 146.094 301.531
6
146.094 301.531 146.094 320 161.235 320 161.235 298.428 146.094 283.063 146.094 301.531
5
216.516 68.4917 203.831 82.1742 218.056 68.9361 213.069 50.1549 216.516 68.4917
5
57.1203 29.223 75.0809 23.0159 55.0289 28.2933 64.5463 46.7148 57.1203 29.223
5
95.2896 112.32 76.3198 111.036 96.3854 113.269 91.3016 93.7298 95.2896 112.32
6
270.86 134.713 251.65 134.342 251.825 125.28 273.039 125.69 289.601 138.954 270.86 134.713
5
218.056 68.9361 204.831 83.1733 219.64 69.3312 213.069 50.1549 218.056 68.9361
5
188.859 95.1554 202.172 80.8229 186.798 95.2487 203.412 108.227 188.859 95.1554
6
38.7178 125.941 39.1593 145.668 31.9117 145.831 31.3093 118.914 58.0545 122.007 38.7178 125.941
5
219.64 69.3312 205.832 84.172 221.28 69.68 213.069 50.1549 219.64 69.3312
5
55.0289 28.2933 74.4663 21.0738 48.977 25.9519 64.5463 46.7148 55.0289 28.2933
5
186.798 95.2487 201.17 79.8244 184.616 95.4209 203.412 108.227 186.798 95.2487
5
221.28 69.68 206.834 85.171 221.859 69.7832 213.069 50.1549 221.28 69.68
5
221.859 69.7832 206.834 85.171 222.774 70.2092 223.961 48.3796 221.859 69.7832
5
222.774 70.2092 207.836 86.1715 224.526 70.9568 223.961 48.3796 222.774 70.2092
6
389.703 102.682 407.599 115.39 405.235 118.72 387.184 105.901 371.806 89.9731 389.703 102.682
6
389.703 102.682 407.599 115.39 411.961 109.248 393.537 96.165 371.806 89.9731 389.703 102.682
5
184.245 97.4334 203.412 108.227 183.66 95.874 176.907 118.171 184.245 97.4334
5
224.526 70.9568 208.827 87.1921 224.61 70.9896 223.961 48.3796 224.526 70.9568
5
184.616 95.4209 200.168 78.8251 183.535 95.5402 203.412 108.227 184.616 95.4209
6
183.66 95.874 176.907 118.171 176.7 118.108 183.535 95.5402 203.412 108.227 183.66 95.874
6
430.106 135.87 436.766 111.916 440.003 112.816 432.809 138.695 406.305 143.057 430.106 135.87
6
48.977 25.9519 48.977 0 47.7352 0 47.7352 26.3823 64.5463 46.7148 48.977 25.9519
5
31.3093 118.914 58.0545 122.007 30.242 116.373 14.7955 140.178 31.3093 118.914
5
30.242 116.373 58.0545 122.007 29.59 113.923 8.90984 135.087 30.242 116.373
6
29.59 113.923 0 113.923 0 107.776 30.7715 107.776 58.0545 122.007 29.59 113.923
5
31.5167 106.501 58.0545 122.007 31.8256 105.972 4.97889 90.9942 31.5167 106.501
5
31.5167 106.501 4.97889 90.9942 30.7715 107.776 58.0545 122.007 31.5167 106.501
6
31.8256 105.972 4.97889 90.9942 7.16411 87.0773 34.2318 102.178 58.0545 122.007 31.8256 105.972
5
34.2318 102.178 58.0545 122.007 34.7776 101.383 7.16411 87.0773 34.2318 102.178
